1.8  -22  -10.0069
1.82  -22  -10.1814
1.84  -22  -10.3572
1.86  -22  -10.5344
1.88  -22  -10.7128
1.9  -22  -10.8926
1.92  -22  -11.0736
1.94  -22  -11.256
1.96  -22  -11.4396
1.98  -22  -11.6245
2  -22  -11.8106
2.02  -22  -11.998
2.04  -22  -12.1867
2.06  -22  -12.3765
2.08  -22  -12.5677
2.1  -22  -12.76
2.12  -22  -12.9536
2.12  -22  -10.0353
2.14  -22  -13.1483
2.14  -22  -10.2062
2.16  -22  -13.3443
2.16  -22  -10.3784
2.18  -22  -13.5415
2.18  -22  -10.552
2.2  -22  -13.7398
2.2  -22  -10.7269
2.22  -22  -13.9393
2.22  -22  -10.9031
2.24  -22  -14.14
2.24  -22  -11.0806
2.26  -22  -14.3418
2.26  -22  -11.2593
2.28  -22  -14.5448
2.28  -22  -11.4394
2.3  -22  -14.7489
2.3  -22  -11.6208
2.32  -22  -14.9541
2.32  -22  -11.8034
2.34  -22  -15.1605
2.34  -22  -11.9873
2.36  -22  -15.3679
2.36  -22  -12.1725
2.38  -22  -10.0448
2.38  -22  -15.5765
2.38  -22  -12.3589
2.4  -22  -10.2107
2.4  -22  -15.7861
2.4  -22  -12.5466
2.42  -22  -10.3777
2.42  -22  -15.9968
2.42  -22  -12.7354
2.44  -22  -10.5459
2.44  -22  -16.2086
2.44  -22  -12.9255
2.46  -22  -10.7154
2.46  -22  -16.4214
2.46  -22  -13.1168
2.48  -22  -10.886
2.48  -22  -16.6352
2.48  -22  -13.3093
2.5  -22  -11.0578
2.5  -22  -16.8501
2.5  -22  -13.503
2.52  -22  -11.2308
2.52  -22  -17.066
2.52  -22  -13.6979
2.52  -22  -10.0446
2.54  -22  -11.405
2.54  -22  -17.2829
2.54  -22  -13.894
2.54  -22  -10.2197
2.56  -22  -11.5803
2.56  -22  -17.5008
2.56  -22  -14.0912
2.56  -22  -10.3962
2.58  -22  -11.7568
2.58  -22  -17.7197
2.58  -22  -14.2895
2.58  -22  -10.5741
2.6  -22  -11.9345
2.6  -22  -17.9396
2.6  -22  -14.489
2.6  -22  -10.7533
2.62  -22  -12.1133
2.62  -22  -18.1604
2.62  -22  -14.6896
2.62  -22  -10.9339
2.64  -22  -12.2932
2.64  -22  -18.3822
2.64  -22  -14.8914
2.64  -22  -11.1159
2.66  -22  -12.4743
2.66  -22  -18.6049
2.66  -22  -15.0942
2.66  -22  -11.2993
2.68  -22  -12.6564
2.68  -22  -18.8285
2.68  -22  -15.2982
2.68  -22  -11.4839
2.7  -22  -12.8397
2.7  -22  -19.0531
2.7  -22  -15.5032
2.7  -22  -11.6699
2.72  -22  -13.0242
2.72  -22  -19.2785
2.72  -22  -15.7093
2.72  -22  -11.8573
2.74  -22  -13.2097
2.74  -22  -19.5048
2.74  -22  -15.9165
2.74  -22  -12.0459
2.76  -22  -13.3963
2.76  -22  -19.732
2.76  -22  -16.1247
2.76  -22  -12.2359
2.78  -22  -13.5839
2.78  -22  -19.9601
2.78  -22  -16.3339
2.78  -22  -12.4272
2.8  -22  -13.7727
2.8  -22  -20.189
2.8  -22  -16.5442
2.8  -22  -12.6198
2.82  -22  -13.9625
2.82  -22  -20.4187
2.82  -22  -16.7554
2.82  -22  -12.8136
2.84  -22  -14.1534
2.84  -22  -20.6493
2.84  -22  -16.9677
2.84  -22  -13.0087
2.86  -22  -14.3453
2.86  -22  -20.8806
2.86  -22  -17.181
2.86  -22  -13.2051
2.88  -22  -14.5383
2.88  -22  -21.1128
2.88  -22  -17.3952
2.88  -22  -13.4028
2.9  -22  -14.7323
2.9  -22  -21.3457
2.9  -22  -17.6104
2.9  -22  -13.6017
2.92  -22  -14.9273
2.92  -22  -21.5794
2.92  -22  -17.8266
2.92  -22  -13.8018
2.94  -22  -15.1234
2.94  -22  -21.8139
2.94  -22  -18.0437
2.94  -22  -14.0032
2.96  -22  -15.3204
2.96  -22  -22.0491
2.96  -22  -18.2617
2.96  -22  -14.2058
2.98  -22  -15.5185
2.98  -22  -22.285
2.98  -22  -18.4806
2.98  -22  -14.4096
3  -22  -15.7175
3  -22  -22.5216
3  -22  -18.7004
3  -22  -14.6146
3.02  -22  -15.9176
3.02  -22  -22.7589
3.02  -22  -18.9211
3.02  -22  -14.8208
3.04  -22  -16.1186
3.04  -22  -22.9969
3.04  -22  -19.1427
3.04  -22  -15.0281
3.06  -22  -16.3205
3.06  -22  -23.2356
3.06  -22  -19.3651
3.06  -22  -15.2367
3.08  -22  -16.5234
3.08  -22  -23.4749
3.08  -22  -19.5883
3.08  -22  -15.4464
3.1  -22  -16.7273
3.1  -22  -23.7149
3.1  -22  -19.8124
3.1  -22  -15.6572
3.12  -22  -16.9321
3.12  -22  -23.9555
3.12  -22  -20.0373
3.12  -22  -15.8692
3.14  -22  -17.1378
3.14  -22  -24.1967
3.14  -22  -20.263
3.14  -22  -16.0823
3.16  -22  -17.3445
3.16  -22  -24.4385
3.16  -22  -20.4895
3.16  -22  -16.2965
3.18  -22  -17.552
3.18  -22  -24.6808
3.18  -22  -20.7168
3.18  -22  -16.5118
3.2  -22  -17.7605
3.2  -22  -24.9237
3.2  -22  -10.0535
3.2  -22  -20.9448
3.2  -22  -16.7282
3.2  -22  -10.1691
3.22  -22  -17.9698
3.22  -22  -25.1672
3.22  -22  -10.1947
3.22  -22  -21.1735
3.22  -22  -16.9456
3.22  -22  -10.3557
3.24  -22  -18.18
3.24  -22  -25.4112
3.24  -22  -10.3363
3.24  -22  -21.403
3.24  -22  -17.1642
3.24  -22  -10.5437
3.26  -22  -18.3911
3.26  -22  -25.6557
3.26  -22  -10.4782
3.26  -22  -21.6332
3.26  -22  -17.3838
3.26  -22  -10.733
3.28  -22  -18.603
3.28  -22  -25.9007
3.28  -22  -10.6203
3.28  -22  -21.8641
3.28  -22  -17.6044
3.28  -22  -10.9236
3.3  -22  -18.8158
3.3  -22  -26.1463
3.3  -22  -10.7628
3.3  -22  -22.0956
3.3  -22  -17.8261
3.3  -22  -11.1154
3.32  -22  -19.0295
3.32  -22  -26.3922
3.32  -22  -10.9055
3.32  -22  -22.3279
3.32  -22  -18.0488
3.32  -22  -11.3086
3.34  -22  -19.2439
3.34  -22  -26.6387
3.34  -22  -11.0485
3.34  -22  -22.5607
3.34  -22  -18.2725
3.34  -22  -11.503
3.36  -22  -19.4592
3.36  -22  -26.8855
3.36  -22  -11.1917
3.36  -22  -22.7942
3.36  -22  -18.4972
3.36  -22  -11.6987
3.38  -22  -19.6753
3.38  -22  -27.1328
3.38  -22  -11.335
3.38  -22  -23.0284
3.38  -22  -18.7228
3.38  -22  -11.8956
3.4  -22  -19.8922
3.4  -22  -27.3805
3.4  -22  -11.4786
3.4  -22  -23.2631
3.4  -22  -18.9495
3.4  -22  -12.0938
3.42  -22  -20.1099
3.42  -22  -27.6286
3.42  -22  -11.6224
3.42  -22  -23.4984
3.42  -22  -19.1771
3.42  -22  -12.2933
3.44  -22  -20.3284
3.44  -22  -27.877
3.44  -22  -11.7663
3.44  -22  -23.7343
3.44  -22  -19.4056
3.44  -22  -12.4939
3.46  -22  -20.5476
3.46  -22  -28.1258
3.46  -22  -11.9103
3.46  -22  -23.9708
3.46  -22  -19.6351
3.46  -22  -12.6958
3.48  -22  -20.7676
3.48  -22  -28.375
3.48  -22  -12.0544
3.48  -22  -24.2078
3.48  -22  -19.8655
3.48  -22  -12.8988
3.5  -22  -20.9883
3.5  -22  -28.6244
3.5  -22  -12.1986
3.5  -22  -24.4453
3.5  -22  -20.0969
3.5  -22  -13.1031
3.52  -22  -21.2098
3.52  -22  -28.8742
3.52  -22  -12.3429
3.52  -22  -24.6833
3.52  -22  -20.3291
3.52  -22  -13.3085
3.54  -22  -21.432
3.54  -22  -29.1243
3.54  -22  -12.4873
3.54  -22  -24.9218
3.54  -22  -20.5621
3.54  -22  -13.5151
3.56  -22  -21.6549
3.56  -22  -29.3746
3.56  -22  -12.6317
3.56  -22  -25.1608
3.56  -22  -20.7961
3.56  -22  -13.7229
3.58  -22  -21.8785
3.58  -22  -29.6252
3.58  -22  -12.7761
3.58  -22  -25.4002
3.58  -22  -21.0309
3.58  -22  -13.9318
3.6  -22  -22.1029
3.6  -22  -29.876
3.6  -22  -12.9205
3.6  -22  -25.6401
3.6  -22  -21.2666
3.6  -22  -14.1419
3.62  -22  -22.3279
3.62  -22  -30.1271
3.62  -22  -13.0648
3.62  -22  -25.8804
3.62  -22  -21.503
3.62  -22  -14.353
3.64  -22  -22.5536
3.64  -22  -30.3784
3.64  -22  -13.2091
3.64  -22  -26.1211
3.64  -22  -21.7403
3.64  -22  -14.5653
3.66  -22  -22.7799
3.66  -22  -30.6298
3.66  -22  -13.3534
3.66  -22  -26.3622
3.66  -22  -21.9784
3.66  -22  -14.7787
3.68  -22  -23.0069
3.68  -22  -30.8814
3.68  -22  -13.4976
3.68  -22  -26.6037
3.68  -22  -22.2173
3.68  -22  -14.9932
3.7  -22  -23.2345
3.7  -22  -31.1332
3.7  -22  -13.6416
3.7  -22  -26.8456
3.7  -22  -22.457
3.7  -22  -15.2088
3.72  -22  -23.4628
3.72  -22  -31.3851
3.72  -22  -13.7856
3.72  -22  -27.0878
3.72  -22  -22.6974
3.72  -22  -15.4255
3.74  -22  -23.6917
3.74  -22  -31.6372
3.74  -22  -13.9294
3.74  -22  -27.3303
3.74  -22  -22.9385
3.74  -22  -15.6432
3.76  -22  -23.9212
3.76  -22  -31.8893
3.76  -22  -14.073
3.76  -22  -27.5731
3.76  -22  -23.1804
3.76  -22  -15.8619
3.78  -22  -24.1513
3.78  -22  -32.1415
3.78  -22  -14.2164
3.78  -22  -27.8162
3.78  -22  -23.423
3.78  -22  -16.0817
3.8  -22  -24.382
3.8  -22  -32.3938
3.8  -22  -14.3597
3.8  -22  -28.0596
3.8  -22  -23.6663
3.8  -22  -16.3025
3.82  -22  -24.6132
3.82  -22  -32.6461
3.82  -22  -14.5027
3.82  -22  -28.3032
3.82  -22  -23.9103
3.82  -22  -16.5244
3.84  -22  -24.8451
3.84  -22  -32.8985
3.84  -22  -14.6455
3.84  -22  -28.5471
3.84  -22  -24.155
3.84  -22  -16.7472
3.86  -22  -25.0774
3.86  -22  -33.1509
3.86  -22  -14.788
3.86  -22  -28.7912
3.86  -22  -24.4003
3.86  -22  -16.971
3.88  -22  -25.3104
3.88  -22  -33.4033
3.88  -22  -14.9302
3.88  -22  -29.0355
3.88  -22  -24.6463
3.88  -22  -17.1958
3.9  -22  -25.5438
3.9  -22  -33.6557
3.9  -22  -15.0721
3.9  -22  -29.28
3.9  -22  -24.8929
3.9  -22  -17.4215
3.92  -22  -25.7778
3.92  -22  -33.908
3.92  -22  -15.2137
3.92  -22  -29.5246
3.92  -22  -25.1401
3.92  -22  -17.6482
3.94  -22  -26.0123
3.94  -22  -34.1602
3.94  -22  -15.355
3.94  -22  -29.7694
3.94  -22  -25.388
3.94  -22  -17.8758
3.96  -22  -26.2472
3.96  -22  -34.4124
3.96  -22  -15.4959
3.96  -22  -30.0143
3.96  -22  -25.6364
3.96  -22  -18.1044
3.98  -22  -26.4827
3.98  -22  -34.6645
3.98  -22  -15.6364
3.98  -22  -30.2594
3.98  -22  -25.8854
3.98  -22  -18.3338
3.98  -22  -10.0185
4  -22  -26.7186
4  -22  -34.9165
4  -22  -15.7765
4  -22  -30.5046
4  -22  -26.1349
4  -22  -18.5642
4  -22  -10.2213
4.02  -22  -26.955
4.02  -22  -10.1037
4.02  -22  -35.1684
4.02  -22  -15.9162
4.02  -22  -30.7498
4.02  -22  -26.385
4.02  -22  -18.7955
4.02  -22  -10.4252
4.04  -22  -27.1919
4.04  -22  -10.2747
4.04  -22  -35.4201
4.04  -22  -16.0554
4.04  -22  -30.9951
4.04  -22  -26.6356
4.04  -22  -19.0276
4.04  -22  -10.6303
4.06  -22  -27.4292
4.06  -22  -10.4464
4.06  -22  -35.6717
4.06  -22  -16.1942
4.06  -22  -31.2404
4.06  -22  -26.8867
4.06  -22  -19.2606
4.06  -22  -10.8365
4.08  -22  -27.6669
4.08  -22  -10.6189
4.08  -22  -35.923
4.08  -22  -16.3324
4.08  -22  -31.4858
4.08  -22  -27.1383
4.08  -22  -19.4944
4.08  -22  -11.0438
4.1  -22  -27.905
4.1  -22  -10.7921
4.1  -22  -36.1742
4.1  -22  -16.4702
4.1  -22  -31.7312
4.1  -22  -27.3904
4.1  -22  -19.729
4.1  -22  -11.2523
4.12  -22  -28.1436
4.12  -22  -10.966
4.12  -22  -36.4252
4.12  -22  -16.6075
4.12  -22  -31.9765
4.12  -22  -27.643
4.12  -22  -19.9645
4.12  -22  -11.4619
4.14  -22  -28.3825
4.14  -22  -11.1405
4.14  -22  -36.6759
4.14  -22  -16.7442
4.14  -22  -32.2219
4.14  -22  -27.896
4.14  -22  -20.2008
4.14  -22  -11.6726
4.16  -22  -28.6218
4.16  -22  -11.3158
4.16  -22  -36.9264
4.16  -22  -16.8803
4.16  -22  -32.4672
4.16  -22  -28.1494
4.16  -22  -20.4379
4.16  -22  -11.8844
4.18  -22  -28.8615
4.18  -22  -11.4918
4.18  -22  -37.1766
4.18  -22  -17.0159
4.18  -22  -32.7124
4.18  -22  -28.4033
4.18  -22  -20.6758
4.18  -22  -12.0972
4.2  -22  -29.1015
4.2  -22  -11.6684
4.2  -22  -37.4265
4.2  -22  -17.1508
4.2  -22  -32.9575
4.2  -22  -28.6576
4.2  -22  -20.9144
4.2  -22  -12.3111
4.22  -22  -29.3419
4.22  -22  -11.8457
4.22  -22  -37.676
4.22  -22  -17.2851
4.22  -22  -33.2026
4.22  -22  -28.9122
4.22  -22  -21.1538
4.22  -22  -12.5261
4.24  -22  -29.5827
4.24  -22  -12.0236
4.24  -22  -37.9253
4.24  -22  -17.4188
4.24  -22  -33.4475
4.24  -22  -29.1673
4.24  -22  -21.3939
4.24  -22  -12.7421
4.26  -22  -29.8237
4.26  -22  -12.2021
4.26  -22  -38.1742
4.26  -22  -17.5518
4.26  -22  -33.6923
4.26  -22  -29.4227
4.26  -22  -21.6347
4.26  -22  -12.9591
4.28  -22  -30.0651
4.28  -22  -12.3813
4.28  -22  -38.4228
4.28  -22  -17.6842
4.28  -22  -33.937
4.28  -22  -29.6784
4.28  -22  -21.8763
4.28  -22  -13.1772
4.3  -22  -30.3067
4.3  -22  -12.5611
4.3  -22  -38.671
4.3  -22  -17.8158
4.3  -22  -34.1815
4.3  -22  -29.9345
4.3  -22  -22.1186
4.3  -22  -13.3962
4.32  -22  -30.5486
4.32  -22  -12.7416
4.32  -22  -38.9187
4.32  -22  -17.9467
4.32  -22  -34.4258
4.32  -22  -30.1908
4.32  -22  -22.3615
4.32  -22  -13.6163
4.34  -22  -30.7909
4.34  -22  -12.9226
4.34  -22  -39.1661
4.34  -22  -18.0768
4.34  -22  -34.6699
4.34  -22  -30.4475
4.34  -22  -22.6051
4.34  -22  -13.8373
4.36  -22  -31.0333
4.36  -22  -13.1042
4.36  -22  -39.413
4.36  -22  -18.2062
4.36  -22  -34.9137
4.36  -22  -30.7044
4.36  -22  -22.8494
4.36  -22  -14.0593
4.38  -22  -31.2761
4.38  -22  -13.2864
4.38  -22  -39.6595
4.38  -22  -18.3348
4.38  -22  -35.1573
4.38  -22  -30.9617
4.38  -22  -23.0943
4.38  -22  -14.2823
4.4  -22  -31.5191
4.4  -22  -13.4691
4.4  -22  -39.9055
4.4  -22  -18.4626
4.4  -22  -35.4007
4.4  -22  -31.2191
4.4  -22  -23.3398
4.4  -22  -14.5062
4.42  -22  -31.7623
4.42  -22  -13.6524
4.42  -22  -40.151
4.42  -22  -18.5896
4.42  -22  -35.6438
4.42  -22  -31.4768
4.42  -22  -23.586
4.42  -22  -14.731
4.44  -22  -32.0057
4.44  -22  -13.8363
4.44  -22  -40.3959
4.44  -22  -18.7158
4.44  -22  -35.8866
4.44  -22  -31.7347
4.44  -22  -23.8328
4.44  -22  -14.9567
4.46  -22  -32.2493
4.46  -22  -14.0207
4.46  -22  -40.6404
4.46  -22  -18.8411
4.46  -22  -36.129
4.46  -22  -31.9928
4.46  -22  -24.0801
4.46  -22  -15.1833
4.48  -22  -32.4931
4.48  -22  -14.2056
4.48  -22  -40.8843
4.48  -22  -18.9655
4.48  -22  -36.3712
4.48  -22  -32.2511
4.48  -22  -24.328
4.48  -22  -15.4109
4.5  -22  -32.7371
4.5  -22  -14.3911
4.5  -22  -41.1276
4.5  -22  -19.089
4.5  -22  -36.6129
4.5  -22  -32.5096
4.5  -22  -24.5765
4.5  -22  -15.6393
4.52  -22  -32.9813
4.52  -22  -14.577
4.52  -22  -41.3704
4.52  -22  -19.2115
4.52  -22  -36.8544
4.52  -22  -32.7682
4.52  -22  -24.8255
4.52  -22  -15.8685
4.54  -22  -33.2256
4.54  -22  -14.7635
4.54  -22  -41.6126
4.54  -22  -19.3332
4.54  -22  -37.0954
4.54  -22  -33.0269
4.54  -22  -25.075
4.54  -22  -16.0987
4.56  -22  -33.47
4.56  -22  -14.9505
4.56  -22  -41.8541
4.56  -22  -19.4539
4.56  -22  -37.336
4.56  -22  -33.2858
4.56  -22  -25.3251
4.56  -22  -16.3296
4.58  -22  -33.7146
4.58  -22  -15.1379
4.58  -22  -42.095
4.58  -22  -19.5736
4.58  -22  -37.5762
4.58  -22  -33.5448
4.58  -22  -25.5756
4.58  -22  -16.5614
4.6  -22  -33.9594
4.6  -22  -15.3258
4.6  -22  -42.3352
4.6  -22  -19.6923
4.6  -22  -37.816
4.6  -22  -33.8039
4.6  -22  -25.8267
4.6  -22  -16.794
4.62  -22  -34.2042
4.62  -22  -15.5142
4.62  -22  -42.5748
4.62  -22  -19.81
4.62  -22  -38.0553
4.62  -22  -34.063
4.62  -22  -26.0782
4.62  -22  -17.0274
4.64  -22  -34.4491
4.64  -22  -15.703
4.64  -22  -42.8136
4.64  -22  -19.9267
4.64  -22  -38.2941
4.64  -22  -34.3222
4.64  -22  -26.3302
4.64  -22  -17.2616
4.66  -22  -34.6941
4.66  -22  -15.8922
4.66  -22  -43.0518
4.66  -22  -20.0423
4.66  -22  -38.5324
4.66  -22  -34.5814
4.66  -22  -26.5826
4.66  -22  -17.4966
4.68  -22  -34.9392
4.68  -22  -16.0819
4.68  -22  -43.2892
4.68  -22  -20.1569
4.68  -22  -38.7702
4.68  -22  -34.8407
4.68  -22  -26.8354
4.68  -22  -17.7323
4.7  -22  -35.1843
4.7  -22  -16.272
4.7  -22  -43.5259
4.7  -22  -20.2703
4.7  -22  -39.0075
4.7  -22  -35.0999
4.7  -22  -27.0886
4.7  -22  -17.9687
4.72  -22  -35.4295
4.72  -22  -16.4626
4.72  -22  -43.7618
4.72  -22  -20.3827
4.72  -22  -39.2443
4.72  -22  -35.3592
4.72  -22  -27.3423
4.72  -22  -18.2059
4.74  -22  -35.6747
4.74  -22  -16.6535
4.74  -22  -43.9969
4.74  -22  -10.0838
4.74  -22  -20.4939
4.74  -22  -39.4804
4.74  -22  -35.6184
4.74  -22  -27.5963
4.74  -22  -18.4438
4.76  -22  -35.92
4.76  -22  -16.8448
4.76  -22  -44.2312
4.76  -22  -10.2649
4.76  -22  -20.604
4.76  -22  -39.716
4.76  -22  -35.8776
4.76  -22  -27.8507
4.76  -22  -18.6825
4.78  -22  -36.1652
4.78  -22  -17.0365
4.78  -22  -44.4647
4.78  -22  -10.4466
4.78  -22  -20.713
4.78  -22  -39.951
4.78  -22  -36.1368
4.78  -22  -28.1054
4.78  -22  -18.9218
4.8  -22  -36.4105
4.8  -22  -17.2285
4.8  -22  -44.6974
4.8  -22  -10.6289
4.8  -22  -20.8207
4.8  -22  -40.1854
4.8  -22  -36.3958
4.8  -22  -28.3605
4.8  -22  -19.1617
4.82  -22  -36.6557
4.82  -22  -17.421
4.82  -22  -44.9292
4.82  -22  -10.8119
4.82  -22  -20.9273
4.82  -22  -40.4191
4.82  -22  -36.6548
4.82  -22  -28.6159
4.82  -22  -19.4024
4.84  -22  -36.901
4.84  -22  -17.6137
4.84  -22  -45.1601
4.84  -22  -10.9954
4.84  -22  -21.0327
4.84  -22  -40.6522
4.84  -22  -36.9137
4.84  -22  -28.8717
4.84  -22  -19.6437
4.86  -22  -37.1461
4.86  -22  -17.8068
4.86  -22  -45.3901
4.86  -22  -11.1796
4.86  -22  -21.1368
4.86  -22  -40.8846
4.86  -22  -37.1724
4.86  -22  -29.1277
4.86  -22  -19.8856
4.88  -22  -37.3913
4.88  -22  -18.0003
4.88  -22  -45.6192
4.88  -22  -11.3643
4.88  -22  -21.2396
4.88  -22  -41.1163
4.88  -22  -37.431
4.88  -22  -29.3839
4.88  -22  -20.1282
4.88  -22  -10.2045
4.9  -22  -37.6364
4.9  -22  -18.194
4.9  -22  -45.8474
4.9  -22  -11.5495
4.9  -22  -21.3413
4.9  -22  -41.3473
4.9  -22  -37.6895
4.9  -22  -29.6405
4.9  -22  -20.3713
4.9  -22  -10.427
4.92  -22  -37.8814
4.92  -22  -18.3881
4.92  -22  -46.0746
4.92  -22  -11.7354
4.92  -22  -21.4416
4.92  -22  -41.5776
4.92  -22  -37.9478
4.92  -22  -29.8973
4.92  -22  -20.6151
4.92  -22  -10.6504
4.94  -22  -38.1263
4.94  -22  -18.5825
4.94  -22  -46.3009
4.94  -22  -11.9218
4.94  -22  -21.5406
4.94  -22  -41.8072
4.94  -22  -38.2059
4.94  -22  -30.1543
4.94  -22  -20.8594
4.94  -22  -10.8747
4.96  -22  -38.3711
4.96  -22  -18.7772
4.96  -22  -46.5261
4.96  -22  -12.1087
4.96  -22  -21.6383
4.96  -22  -42.0359
4.96  -22  -38.4638
4.96  -22  -30.4116
4.96  -22  -21.1043
4.96  -22  -11.0998
4.98  -22  -38.6159
4.98  -22  -18.9721
4.98  -22  -46.7504
4.98  -22  -12.2962
4.98  -22  -21.7347
4.98  -22  -42.264
4.98  -22  -38.7215
4.98  -22  -30.669
4.98  -22  -21.3498
4.98  -22  -11.3258
5  -22  -38.8605
5  -22  -19.1673
5  -22  -46.9737
5  -22  -12.4842
5  -22  -21.8297
5  -22  -42.4912
5  -22  -38.9789
5  -22  -30.9267
5  -22  -21.5958
5  -22  -11.5527
5.02  -22  -39.1049
5.02  -22  -19.3628
5.02  -22  -47.1959
5.02  -22  -12.6727
5.02  -22  -21.9233
5.02  -22  -42.7176
5.02  -22  -39.2362
5.02  -22  -31.1845
5.02  -22  -21.8423
5.02  -22  -11.7804
5.04  -22  -39.3493
5.04  -22  -19.5585
5.04  -22  -47.417
5.04  -22  -12.8617
5.04  -22  -22.0156
5.04  -22  -42.9432
5.04  -22  -39.4931
5.04  -22  -31.4425
5.04  -22  -22.0893
5.04  -22  -12.0089
5.06  -22  -39.5934
5.06  -22  -19.7545
5.06  -22  -47.6371
5.06  -22  -13.0512
5.06  -22  -22.1065
5.06  -22  -43.1679
5.06  -22  -39.7498
5.06  -22  -31.7006
5.06  -22  -22.3368
5.06  -22  -12.2382
5.08  -22  -39.8374
5.08  -22  -19.9507
5.08  -22  -47.8561
5.08  -22  -13.2412
5.08  -22  -22.1959
5.08  -22  -43.3918
5.08  -22  -40.0061
5.08  -22  -31.9588
5.08  -22  -22.5848
5.08  -22  -12.4683
5.1  -22  -40.0813
5.1  -22  -20.1471
5.1  -22  -48.0739
5.1  -22  -13.4317
5.1  -22  -22.284
5.1  -22  -43.6148
5.1  -22  -40.2622
5.1  -22  -32.2172
5.1  -22  -22.8333
5.1  -22  -12.6992
5.12  -22  -40.3249
5.12  -22  -20.3438
5.12  -22  -48.2907
5.12  -22  -13.6226
5.12  -22  -22.3705
5.12  -22  -43.8369
5.12  -22  -40.5179
5.12  -22  -32.4756
5.12  -22  -23.0822
5.12  -22  -12.9309
5.14  -22  -40.5683
5.14  -22  -20.5406
5.14  -22  -48.5063
5.14  -22  -13.8141
5.14  -22  -22.4557
5.14  -22  -44.0581
5.14  -22  -40.7733
5.14  -22  -32.7342
5.14  -22  -23.3316
5.14  -22  -13.1633
5.16  -22  -40.8116
5.16  -22  -20.7376
5.16  -22  -48.7207
5.16  -22  -14.0059
5.16  -22  -22.5393
5.16  -22  -44.2784
5.16  -22  -41.0283
5.16  -22  -32.9928
5.16  -22  -23.5813
5.16  -22  -13.3965
5.18  -22  -41.0546
5.18  -22  -20.9348
5.18  -22  -48.934
5.18  -22  -14.1982
5.18  -22  -22.6214
5.18  -22  -44.4977
5.18  -22  -41.2829
5.18  -22  -33.2514
5.18  -22  -23.8315
5.18  -22  -13.6303
5.2  -22  -41.2973
5.2  -22  -21.1322
5.2  -22  -49.146
5.2  -22  -14.391
5.2  -22  -22.702
5.2  -22  -44.7161
5.2  -22  -41.5372
5.2  -22  -33.5101
5.2  -22  -24.0821
5.2  -22  -13.865
5.22  -22  -41.5398
5.22  -22  -21.3298
5.22  -22  -49.3569
5.22  -22  -14.5841
5.22  -22  -22.7812
5.22  -22  -44.9335
5.22  -22  -41.791
5.22  -22  -33.7688
5.22  -22  -24.3331
5.22  -22  -14.1003
5.24  -22  -41.7821
5.24  -22  -21.5275
5.24  -22  -49.5665
5.24  -22  -14.7777
5.24  -22  -22.8587
5.24  -22  -45.1499
5.24  -22  -42.0444
5.24  -22  -34.0276
5.24  -22  -24.5844
5.24  -22  -14.3362
5.26  -22  -42.0241
5.26  -22  -21.7253
5.26  -22  -49.7749
5.26  -22  -14.9717
5.26  -22  -22.9347
5.26  -22  -45.3653
5.26  -22  -42.2974
5.26  -22  -34.2863
5.26  -22  -24.8361
5.26  -22  -14.5729
5.28  -22  -42.2657
5.28  -22  -21.9233
5.28  -22  -49.9819
5.28  -22  -15.1661
5.28  -22  -23.0092
5.28  -22  -45.5796
5.28  -22  -42.55
5.28  -22  -34.545
5.28  -22  -25.0881
5.28  -22  -14.8102
5.3  -22  -42.5071
5.3  -22  -22.1214
5.3  -22  -50.1878
5.3  -22  -15.3608
5.3  -22  -23.082
5.3  -22  -45.793
5.3  -22  -42.802
5.3  -22  -34.8037
5.3  -22  -25.3405
5.3  -22  -15.0482
5.32  -22  -42.7482
5.32  -22  -22.3196
5.32  -22  -50.3923
5.32  -22  -15.556
5.32  -22  -23.1533
5.32  -22  -46.0052
5.32  -22  -43.0536
5.32  -22  -35.0623
5.32  -22  -25.5931
5.32  -22  -15.2868
5.34  -22  -42.989
5.34  -22  -22.5179
5.34  -22  -50.5954
5.34  -22  -15.7515
5.34  -22  -23.2229
5.34  -22  -46.2164
5.34  -22  -43.3046
5.34  -22  -35.3208
5.34  -22  -25.8461
5.34  -22  -15.526
5.36  -22  -43.2294
5.36  -22  -22.7164
5.36  -22  -50.7973
5.36  -22  -15.9474
5.36  -22  -23.2909
5.36  -22  -46.4265
5.36  -22  -43.5552
5.36  -22  -35.5793
5.36  -22  -26.0993
5.36  -22  -15.7658
5.38  -22  -43.4695
5.38  -22  -22.9149
5.38  -22  -50.9978
5.38  -22  -16.1437
5.38  -22  -23.3573
5.38  -22  -46.6355
5.38  -22  -43.8052
5.38  -22  -35.8376
5.38  -22  -26.3528
5.38  -22  -16.0062
5.4  -22  -43.7093
5.4  -22  -23.1134
5.4  -22  -51.1969
5.4  -22  -16.3402
5.4  -22  -23.422
5.4  -22  -46.8434
5.4  -22  -44.0547
5.4  -22  -36.0959
5.4  -22  -26.6065
5.4  -22  -16.2472
5.42  -22  -43.9486
5.42  -22  -23.3121
5.42  -22  -51.3947
5.42  -22  -16.5372
5.42  -22  -23.4851
5.42  -22  -47.0502
5.42  -22  -44.3036
5.42  -22  -36.354
5.42  -22  -26.8605
5.42  -22  -16.4887
5.44  -22  -44.1876
5.44  -22  -23.5108
5.44  -22  -51.591
5.44  -22  -16.7344
5.44  -22  -23.5465
5.44  -22  -47.2558
5.44  -22  -44.5519
5.44  -22  -36.612
5.44  -22  -27.1147
5.44  -22  -16.7308
5.46  -22  -44.4263
5.46  -22  -23.7095
5.46  -22  -51.7859
5.46  -22  -16.932
5.46  -22  -23.6061
5.46  -22  -47.4602
5.46  -22  -44.7997
5.46  -22  -36.8698
5.46  -22  -27.3691
5.46  -22  -16.9735
5.48  -22  -44.6645
5.48  -22  -23.9083
5.48  -22  -51.9794
5.48  -22  -17.1298
5.48  -22  -23.6641
5.48  -22  -47.6635
5.48  -22  -45.0468
5.48  -22  -37.1275
5.48  -22  -27.6237
5.48  -22  -17.2166
5.5  -22  -44.9023
5.5  -22  -24.1071
5.5  -22  -52.1714
5.5  -22  -17.328
5.5  -22  -23.7204
5.5  -22  -47.8655
5.5  -22  -45.2933
5.5  -22  -37.3849
5.5  -22  -27.8785
5.5  -22  -17.4602
5.52  -22  -45.1396
5.52  -22  -24.3059
5.52  -22  -52.362
5.52  -22  -17.5265
5.52  -22  -23.7749
5.52  -22  -48.0664
5.52  -22  -45.5392
5.52  -22  -37.6422
5.52  -22  -28.1334
5.52  -22  -17.7044
5.54  -22  -45.3766
5.54  -22  -24.5048
5.54  -22  -52.5511
5.54  -22  -17.7252
5.54  -22  -23.8277
5.54  -22  -48.266
5.54  -22  -45.7844
5.54  -22  -37.8993
5.54  -22  -28.3885
5.54  -22  -17.949
5.56  -22  -45.6131
5.56  -22  -24.7036
5.56  -22  -52.7386
5.56  -22  -17.9242
5.56  -22  -23.8787
5.56  -22  -48.4644
5.56  -22  -46.029
5.56  -22  -38.1561
5.56  -22  -28.6437
5.56  -22  -18.1941
5.58  -22  -45.8491
5.58  -22  -24.9024
5.58  -22  -52.9247
5.58  -22  -18.1235
5.58  -22  -23.928
5.58  -22  -48.6615
5.58  -22  -46.2729
5.58  -22  -38.4127
5.58  -22  -28.8991
5.58  -22  -18.4396
5.6  -22  -46.0847
5.6  -22  -25.1012
5.6  -22  -53.1092
5.6  -22  -18.323
5.6  -22  -23.9754
5.6  -22  -48.8573
5.6  -22  -46.516
5.6  -22  -38.669
5.6  -22  -29.1545
5.6  -22  -18.6856
5.62  -22  -46.3198
5.62  -22  -25.3
5.62  -22  -53.2922
5.62  -22  -18.5228
5.62  -22  -24.0211
5.62  -22  -49.0519
5.62  -22  -46.7585
5.62  -22  -38.925
5.62  -22  -29.4101
5.62  -22  -18.9319
5.64  -22  -46.5544
5.64  -22  -25.4987
5.64  -22  -53.4736
5.64  -22  -18.7228
5.64  -22  -24.065
5.64  -22  -49.2452
5.64  -22  -47.0002
5.64  -22  -39.1808
5.64  -22  -29.6657
5.64  -22  -19.1787
5.66  -22  -46.7885
5.66  -22  -25.6974
5.66  -22  -53.6534
5.66  -22  -18.9231
5.66  -22  -24.1071
5.66  -22  -49.4372
5.66  -22  -47.2412
5.66  -22  -39.4362
5.66  -22  -29.9213
5.66  -22  -19.4259
5.68  -22  -47.0221
5.68  -22  -25.8961
5.68  -22  -53.8316
5.68  -22  -19.1235
5.68  -22  -24.1473
5.68  -22  -49.6278
5.68  -22  -47.4815
5.68  -22  -39.6913
5.68  -22  -30.1771
5.68  -22  -19.6735
5.7  -22  -47.2552
5.7  -22  -26.0946
5.7  -22  -54.0082
5.7  -22  -19.3242
5.7  -22  -24.1857
5.7  -22  -49.8171
5.7  -22  -47.7209
5.7  -22  -39.9461
5.7  -22  -30.4328
5.7  -22  -19.9214
5.72  -22  -47.4877
5.72  -22  -26.2931
5.72  -22  -54.1832
5.72  -22  -19.5251
5.72  -22  -24.2223
5.72  -22  -50.005
5.72  -22  -47.9596
5.72  -22  -40.2006
5.72  -22  -30.6886
5.72  -22  -20.1697
5.74  -22  -47.7197
5.74  -22  -26.4915
5.74  -22  -54.3565
5.74  -22  -19.7261
5.74  -22  -24.257
5.74  -22  -50.1916
5.74  -22  -48.1975
5.74  -22  -40.4547
5.74  -22  -30.9444
5.74  -22  -20.4183
5.76  -22  -47.9511
5.76  -22  -26.6899
5.76  -22  -54.5282
5.76  -22  -19.9274
5.76  -22  -24.2898
5.76  -22  -50.3768
5.76  -22  -48.4346
5.76  -22  -40.7084
5.76  -22  -31.2001
5.76  -22  -20.6672
5.78  -22  -48.182
5.78  -22  -26.8881
5.78  -22  -54.6982
5.78  -22  -20.1288
5.78  -22  -24.3208
5.78  -22  -50.5606
5.78  -22  -48.6708
5.78  -22  -40.9617
5.78  -22  -31.4559
5.78  -22  -20.9164
5.8  -22  -48.4123
5.8  -22  -27.0862
5.8  -22  -54.8665
5.8  -22  -20.3304
5.8  -22  -24.3498
5.8  -22  -50.743
5.8  -22  -48.9062
5.8  -22  -41.2146
5.8  -22  -31.7116
5.8  -22  -21.1659
5.82  -22  -48.642
5.82  -22  -27.2842
5.82  -22  -55.0331
5.82  -22  -20.5322
5.82  -22  -24.377
5.82  -22  -50.924
5.82  -22  -49.1408
5.82  -22  -41.4671
5.82  -22  -31.9673
5.82  -22  -21.4157
5.82  -22  -10.0829
5.84  -22  -48.8711
5.84  -22  -27.482
5.84  -22  -55.198
5.84  -22  -20.7341
5.84  -22  -24.4023
5.84  -22  -51.1035
5.84  -22  -49.3745
5.84  -22  -41.7192
5.84  -22  -32.2228
5.84  -22  -21.6658
5.84  -22  -10.32
5.86  -22  -49.0996
5.86  -22  -27.6797
5.86  -22  -55.3611
5.86  -22  -20.9361
5.86  -22  -24.4256
5.86  -22  -51.2816
5.86  -22  -49.6073
5.86  -22  -41.9708
5.86  -22  -32.4783
5.86  -22  -21.9161
5.86  -22  -10.5577
5.88  -22  -49.3275
5.88  -22  -27.8773
5.88  -22  -55.5225
5.88  -22  -21.1383
5.88  -22  -24.447
5.88  -22  -51.4583
5.88  -22  -49.8392
5.88  -22  -42.222
5.88  -22  -32.7337
5.88  -22  -22.1666
5.88  -22  -10.7959
5.9  -22  -49.5547
5.9  -22  -28.0747
5.9  -22  -55.6821
5.9  -22  -21.3406
5.9  -22  -24.4665
5.9  -22  -51.6334
5.9  -22  -50.0702
5.9  -22  -42.4726
5.9  -22  -32.989
5.9  -22  -22.4174
5.9  -22  -11.0346
5.92  -22  -49.7813
5.92  -22  -28.2719
5.92  -22  -55.8399
5.92  -22  -21.5431
5.92  -22  -24.4841
5.92  -22  -51.8071
5.92  -22  -50.3002
5.92  -22  -42.7228
5.92  -22  -33.2442
5.92  -22  -22.6684
5.92  -22  -11.2739
5.94  -22  -50.0073
5.94  -22  -28.469
5.94  -22  -55.996
5.94  -22  -21.7456
5.94  -22  -24.4997
5.94  -22  -51.9793
5.94  -22  -50.5294
5.94  -22  -42.9725
5.94  -22  -33.4992
5.94  -22  -22.9195
5.94  -22  -11.5136
5.96  -22  -50.2325
5.96  -22  -28.6659
5.96  -22  -56.1502
5.96  -22  -21.9482
5.96  -22  -24.5133
5.96  -22  -52.15
5.96  -22  -50.7575
5.96  -22  -43.2217
5.96  -22  -33.7541
5.96  -22  -23.1709
5.96  -22  -11.7538
5.98  -22  -50.4572
5.98  -22  -28.8626
5.98  -22  -56.3026
5.98  -22  -22.1509
5.98  -22  -24.525
5.98  -22  -52.3191
5.98  -22  -50.9848
5.98  -22  -43.4703
5.98  -22  -34.0088
5.98  -22  -23.4224
5.98  -22  -11.9946
6  -22  -50.6811
6  -22  -29.0591
6  -22  -56.4531
6  -22  -22.3537
6  -22  -24.5347
6  -22  -52.4867
6  -22  -51.211
6  -22  -43.7184
6  -22  -34.2634
6  -22  -23.674
6  -22  -12.2357
6.02  -22  -50.9043
6.02  -22  -29.2554
6.02  -22  -56.6018
6.02  -22  -22.5566
6.02  -22  -24.5424
6.02  -22  -52.6528
6.02  -22  -51.4363
6.02  -22  -43.966
6.02  -22  -34.5177
6.02  -22  -23.9258
6.02  -22  -12.4773
6.04  -22  -51.1269
6.04  -22  -29.4515
6.04  -22  -56.7487
6.04  -22  -22.7595
6.04  -22  -24.5481
6.04  -22  -52.8173
6.04  -22  -51.6605
6.04  -22  -44.2129
6.04  -22  -34.7718
6.04  -22  -24.1777
6.04  -22  -12.7194
6.06  -22  -51.3487
6.06  -22  -29.6473
6.06  -22  -56.8936
6.06  -22  -22.9625
6.06  -22  -24.5519
6.06  -22  -52.9803
6.06  -22  -51.8837
6.06  -22  -44.4593
6.06  -22  -35.0257
6.06  -22  -24.4297
6.06  -22  -12.9619
6.08  -22  -51.5698
6.08  -22  -29.8429
6.08  -22  -57.0367
6.08  -22  -23.1656
6.08  -22  -24.5536
6.08  -22  -53.1417
6.08  -22  -52.1059
6.08  -22  -44.7051
6.08  -22  -35.2794
6.08  -22  -24.6818
6.08  -22  -13.2047
6.1  -22  -51.7902
6.1  -22  -30.0383
6.1  -22  -57.1778
6.1  -22  -23.3686
6.1  -22  -24.5533
6.1  -22  -53.3015
6.1  -22  -52.3271
6.1  -22  -44.9503
6.1  -22  -35.5328
6.1  -22  -24.934
6.1  -22  -13.448
6.12  -22  -52.0098
6.12  -22  -30.2334
6.12  -22  -57.317
6.12  -22  -23.5717
6.12  -22  -24.5511
6.12  -22  -53.4597
6.12  -22  -52.5472
6.12  -22  -45.1948
6.12  -22  -35.786
6.12  -22  -25.1862
6.12  -22  -13.6916
6.14  -22  -52.2286
6.14  -22  -30.4282
6.14  -22  -57.4543
6.14  -22  -23.7749
6.14  -22  -24.5467
6.14  -22  -53.6162
6.14  -22  -52.7663
6.14  -22  -45.4387
6.14  -22  -36.0388
6.14  -22  -25.4385
6.14  -22  -13.9356
6.16  -22  -52.4467
6.16  -22  -30.6228
6.16  -22  -57.5897
6.16  -22  -23.978
6.16  -22  -24.5404
6.16  -22  -53.7712
6.16  -22  -52.9842
6.16  -22  -45.682
6.16  -22  -36.2914
6.16  -22  -25.6909
6.16  -22  -14.1799
6.18  -22  -52.6641
6.18  -22  -30.8171
6.18  -22  -57.723
6.18  -22  -24.1812
6.18  -22  -24.532
6.18  -22  -53.9245
6.18  -22  -53.2011
6.18  -22  -45.9245
6.18  -22  -36.5437
6.18  -22  -25.9432
6.18  -22  -14.4246
6.2  -22  -52.8806
6.2  -22  -31.0112
6.2  -22  -57.8544
6.2  -22  -24.3843
6.2  -22  -24.5216
6.2  -22  -54.0762
6.2  -22  -53.4169
6.2  -22  -46.1665
6.2  -22  -36.7957
6.2  -22  -26.1956
6.2  -22  -14.6696
6.22  -22  -53.0964
6.22  -22  -31.2049
6.22  -22  -57.9838
6.22  -22  -24.5875
6.22  -22  -24.5092
6.22  -22  -54.2262
6.22  -22  -53.6315
6.22  -22  -46.4077
6.22  -22  -37.0473
6.22  -22  -26.4479
6.22  -22  -14.9149
6.24  -22  -53.3113
6.24  -22  -31.3983
6.24  -22  -58.1112
6.24  -22  -24.7906
6.24  -22  -24.4947
6.24  -22  -54.3746
6.24  -22  -53.8451
6.24  -22  -46.6482
6.24  -22  -37.2985
6.24  -22  -26.7003
6.24  -22  -15.1604
6.26  -22  -53.5255
6.26  -22  -31.5914
6.26  -22  -58.2366
6.26  -22  -24.9937
6.26  -22  -24.4781
6.26  -22  -54.5213
6.26  -22  -54.0574
6.26  -22  -46.888
6.26  -22  -37.5495
6.26  -22  -26.9526
6.26  -22  -15.4063
6.28  -22  -53.7388
6.28  -22  -31.7842
6.28  -22  -58.3599
6.28  -22  -25.1967
6.28  -22  -24.4595
6.28  -22  -54.6663
6.28  -22  -54.2687
6.28  -22  -47.127
6.28  -22  -37.8
6.28  -22  -27.2048
6.28  -22  -15.6524
6.3  -22  -53.9513
6.3  -22  -31.9767
6.3  -22  -58.4812
6.3  -22  -25.3997
6.3  -22  -24.4389
6.3  -22  -54.8096
6.3  -22  -54.4788
6.3  -22  -47.3653
6.3  -22  -38.0501
6.3  -22  -27.457
6.3  -22  -15.8987
6.32  -22  -54.1629
6.32  -22  -32.1689
6.32  -22  -58.6005
6.32  -22  -25.6027
6.32  -22  -24.4161
6.32  -22  -54.9512
6.32  -22  -54.6877
6.32  -22  -47.6029
6.32  -22  -38.2999
6.32  -22  -27.7091
6.32  -22  -16.1453
6.34  -22  -54.3737
6.34  -22  -32.3606
6.34  -22  -58.7177
6.34  -22  -25.8056
6.34  -22  -24.3913
6.34  -22  -55.0911
6.34  -22  -54.8954
6.34  -22  -47.8397
6.34  -22  -38.5492
6.34  -22  -27.9611
6.34  -22  -16.3921
6.36  -22  -54.5836
6.36  -22  -32.5521
6.36  -22  -58.8328
6.36  -22  -26.0084
6.36  -22  -24.3644
6.36  -22  -55.2293
6.36  -22  -55.1019
6.36  -22  -48.0757
6.36  -22  -38.7981
6.36  -22  -28.213
6.36  -22  -16.6391
6.38  -22  -54.7927
6.38  -22  -32.7432
6.38  -22  -58.9458
6.38  -22  -26.2112
6.38  -22  -24.3355
6.38  -22  -55.3657
6.38  -22  -55.3072
6.38  -22  -48.3109
6.38  -22  -39.0466
6.38  -22  -28.4648
6.38  -22  -16.8863
6.4  -22  -55.0009
6.4  -22  -32.9339
6.4  -22  -59.0567
6.4  -22  -26.4139
6.4  -22  -24.3045
6.4  -22  -55.5004
6.4  -22  -55.5113
6.4  -22  -48.5453
6.4  -22  -39.2946
6.4  -22  -28.7165
6.4  -22  -17.1337
6.42  -22  -55.2082
6.42  -22  -33.1243
6.42  -22  -59.1655
6.42  -22  -26.6165
6.42  -22  -24.2713
6.42  -22  -55.6334
6.42  -22  -55.7142
6.42  -22  -48.7789
6.42  -22  -39.5421
6.42  -22  -28.968
6.42  -22  -17.3812
6.44  -22  -55.4145
6.44  -22  -33.3142
6.44  -22  -59.2721
6.44  -22  -26.8189
6.44  -22  -24.2361
6.44  -22  -55.7646
6.44  -22  -55.9158
6.44  -22  -49.0117
6.44  -22  -39.7892
6.44  -22  -29.2194
6.44  -22  -17.6289
6.46  -22  -55.62
6.46  -22  -33.5038
6.46  -22  -59.3766
6.46  -22  -27.0213
6.46  -22  -24.1989
6.46  -22  -55.894
6.46  -22  -56.1162
6.46  -22  -49.2436
6.46  -22  -40.0358
6.46  -22  -29.4706
6.46  -22  -17.8767
6.48  -22  -55.8246
6.48  -22  -33.693
6.48  -22  -59.479
6.48  -22  -27.2236
6.48  -22  -24.1595
6.48  -22  -56.0217
6.48  -22  -56.3153
6.48  -22  -49.4747
6.48  -22  -40.2818
6.48  -22  -29.7216
6.48  -22  -18.1246
6.5  -22  -56.0283
6.5  -22  -33.8818
6.5  -22  -59.5792
6.5  -22  -27.4257
6.5  -22  -24.118
6.5  -22  -56.1476
6.5  -22  -56.5131
6.5  -22  -49.7049
6.5  -22  -40.5274
6.5  -22  -29.9724
6.5  -22  -18.3727
6.52  -22  -56.231
6.52  -22  -34.0701
6.52  -22  -59.6772
6.52  -22  -27.6277
6.52  -22  -24.0745
6.52  -22  -56.2717
6.52  -22  -56.7096
6.52  -22  -49.9342
6.52  -22  -40.7724
6.52  -22  -30.2229
6.52  -22  -18.6208
6.54  -22  -56.4328
6.54  -22  -34.2581
6.54  -22  -59.7731
6.54  -22  -27.8296
6.54  -22  -24.0288
6.54  -22  -56.394
6.54  -22  -56.9049
6.54  -22  -50.1626
6.54  -22  -41.0168
6.54  -22  -30.4733
6.54  -22  -18.869
6.56  -22  -56.6336
6.56  -22  -34.4456
6.56  -22  -59.8667
6.56  -22  -28.0313
6.56  -22  -23.9811
6.56  -22  -56.5145
6.56  -22  -57.0988
6.56  -22  -50.3902
6.56  -22  -41.2607
6.56  -22  -30.7234
6.56  -22  -19.1172
6.58  -22  -56.8335
6.58  -22  -34.6327
6.58  -22  -59.9581
6.58  -22  -28.2328
6.58  -22  -23.9312
6.58  -22  -56.6332
6.58  -22  -57.2915
6.58  -22  -50.6168
6.58  -22  -41.5041
6.58  -22  -30.9733
6.58  -22  -19.3655
6.6  -22  -57.0324
6.6  -22  -34.8193
6.6  -22  -60.0474
6.6  -22  -28.4342
6.6  -22  -23.8793
6.6  -22  -56.7501
6.6  -22  -57.4828
6.6  -22  -50.8425
6.6  -22  -41.7468
6.6  -22  -31.2229
6.6  -22  -19.6139
6.62  -22  -57.2303
6.62  -22  -35.0055
6.62  -22  -60.1343
6.62  -22  -28.6355
6.62  -22  -23.8252
6.62  -22  -56.8652
6.62  -22  -57.6728
6.62  -22  -51.0672
6.62  -22  -41.989
6.62  -22  -31.4722
6.62  -22  -19.8622
6.64  -22  -57.4272
6.64  -22  -35.1913
6.64  -22  -60.2191
6.64  -22  -28.8365
6.64  -22  -23.7691
6.64  -22  -56.9784
6.64  -22  -57.8614
6.64  -22  -51.291
6.64  -22  -42.2305
6.64  -22  -31.7212
6.64  -22  -20.1106
6.66  -22  -57.6232
6.66  -22  -35.3765
6.66  -22  -60.3016
6.66  -22  -29.0374
6.66  -22  -23.7109
6.66  -22  -57.0898
6.66  -22  -58.0487
6.66  -22  -51.5139
6.66  -22  -42.4715
6.66  -22  -31.9699
6.66  -22  -20.359
6.68  -22  -57.8181
6.68  -22  -35.5613
6.68  -22  -60.3818
6.68  -22  -29.238
6.68  -22  -23.6505
6.68  -22  -57.1993
6.68  -22  -58.2346
6.68  -22  -51.7358
6.68  -22  -42.7118
6.68  -22  -32.2183
6.68  -22  -20.6073
6.7  -22  -58.012
6.7  -22  -35.7457
6.7  -22  -60.4597
6.7  -22  -29.4385
6.7  -22  -23.5881
6.7  -22  -57.307
6.7  -22  -58.4192
6.7  -22  -51.9567
6.7  -22  -42.9514
6.7  -22  -32.4663
6.7  -22  -20.8556
6.72  -22  -58.205
6.72  -22  -35.9295
6.72  -22  -60.5354
6.72  -22  -29.6388
6.72  -22  -23.5236
6.72  -22  -57.4129
6.72  -22  -58.6023
6.72  -22  -52.1766
6.72  -22  -43.1904
6.72  -22  -32.714
6.72  -22  -21.1039
6.74  -22  -58.3968
6.74  -22  -36.1128
6.74  -22  -60.6088
6.74  -22  -29.8388
6.74  -22  -23.457
6.74  -22  -57.5168
6.74  -22  -58.7841
6.74  -22  -52.3955
6.74  -22  -43.4287
6.74  -22  -32.9614
6.74  -22  -21.3521
6.76  -22  -58.5877
6.76  -22  -36.2957
6.76  -22  -60.6799
6.76  -22  -30.0386
6.76  -22  -23.3883
6.76  -22  -57.619
6.76  -22  -58.9645
6.76  -22  -52.6134
6.76  -22  -43.6664
6.76  -22  -33.2084
6.76  -22  -21.6002
6.78  -22  -58.7775
6.78  -22  -36.478
6.78  -22  -60.7486
6.78  -22  -30.2382
6.78  -22  -23.3174
6.78  -22  -57.7192
6.78  -22  -59.1435
6.78  -22  -52.8302
6.78  -22  -43.9033
6.78  -22  -33.4549
6.78  -22  -21.8482
6.8  -22  -58.9663
6.8  -22  -36.6599
6.8  -22  -60.8151
6.8  -22  -30.4375
6.8  -22  -23.2446
6.8  -22  -57.8176
6.8  -22  -59.321
6.8  -22  -53.0461
6.8  -22  -44.1396
6.8  -22  -33.7011
6.8  -22  -22.0961
6.82  -22  -59.154
6.82  -22  -36.8412
6.82  -22  -60.8792
6.82  -22  -30.6366
6.82  -22  -23.1696
6.82  -22  -57.914
6.82  -22  -59.4972
6.82  -22  -53.2609
6.82  -22  -44.3751
6.82  -22  -33.9469
6.82  -22  -22.3439
6.84  -22  -59.3406
6.84  -22  -37.022
6.84  -22  -60.941
6.84  -22  -30.8355
6.84  -22  -23.0925
6.84  -22  -58.0086
6.84  -22  -59.6719
6.84  -22  -53.4746
6.84  -22  -44.6099
6.84  -22  -34.1923
6.84  -22  -22.5916
6.84  -22  -10.1773
6.86  -22  -59.5262
6.86  -22  -37.2022
6.86  -22  -61.0004
6.86  -22  -31.0341
6.86  -22  -23.0134
6.86  -22  -58.1013
6.86  -22  -59.8451
6.86  -22  -53.6873
6.86  -22  -44.844
6.86  -22  -34.4372
6.86  -22  -22.8391
6.86  -22  -10.4198
6.88  -22  -59.7107
6.88  -22  -37.3819
6.88  -22  -61.0574
6.88  -22  -31.2324
6.88  -22  -22.9321
6.88  -22  -58.1921
6.88  -22  -60.017
6.88  -22  -53.8989
6.88  -22  -45.0773
6.88  -22  -34.6816
6.88  -22  -23.0865
6.88  -22  -10.6624
6.9  -22  -59.8941
6.9  -22  -37.5611
6.9  -22  -61.1121
6.9  -22  -31.4304
6.9  -22  -22.8488
6.9  -22  -58.281
6.9  -22  -60.1873
6.9  -22  -54.1094
6.9  -22  -45.3098
6.9  -22  -34.9256
6.9  -22  -23.3337
6.9  -22  -10.9051
6.92  -22  -60.0764
6.92  -22  -37.7397
6.92  -22  -61.1645
6.92  -22  -31.6282
6.92  -22  -22.7634
6.92  -22  -58.368
6.92  -22  -60.3562
6.92  -22  -54.3188
6.92  -22  -45.5416
6.92  -22  -35.1692
6.92  -22  -23.5807
6.92  -22  -11.1479
6.94  -22  -60.2576
6.94  -22  -37.9177
6.94  -22  -61.2144
6.94  -22  -31.8256
6.94  -22  -22.676
6.94  -22  -58.4531
6.94  -22  -60.5236
6.94  -22  -54.5271
6.94  -22  -45.7726
6.94  -22  -35.4122
6.94  -22  -23.8275
6.94  -22  -11.3908
6.96  -22  -60.4377
6.96  -22  -38.0952
6.96  -22  -61.2619
6.96  -22  -32.0228
6.96  -22  -22.5864
6.96  -22  -58.5363
6.96  -22  -60.6896
6.96  -22  -54.7343
6.96  -22  -46.0028
6.96  -22  -35.6547
6.96  -22  -24.0741
6.96  -22  -11.6338
6.98  -22  -60.6166
6.98  -22  -38.2721
6.98  -22  -61.3071
6.98  -22  -32.2196
6.98  -22  -22.4949
6.98  -22  -58.6175
6.98  -22  -60.854
6.98  -22  -54.9404
6.98  -22  -46.2321
6.98  -22  -35.8968
6.98  -22  -24.3205
6.98  -22  -11.8768
7  -22  -60.7945
7  -22  -38.4484
7  -22  -61.3498
7  -22  -32.4162
7  -22  -22.4012
7  -22  -58.6969
7  -22  -61.017
7  -22  -55.1453
7  -22  -46.4607
7  -22  -36.1383
7  -22  -24.5667
7  -22  -12.1199
7.02  -22  -60.9712
7.02  -22  -38.6242
7.02  -22  -61.3901
7.02  -22  -32.6124
7.02  -22  -22.3055
7.02  -22  -58.7743
7.02  -22  -61.1784
7.02  -22  -55.3491
7.02  -22  -46.6884
7.02  -22  -36.3792
7.02  -22  -24.8126
7.02  -22  -12.363
7.04  -22  -61.1468
7.04  -22  -38.7993
7.04  -22  -61.428
7.04  -22  -32.8083
7.04  -22  -22.2077
7.04  -22  -58.8498
7.04  -22  -61.3384
7.04  -22  -55.5517
7.04  -22  -46.9153
7.04  -22  -36.6197
7.04  -22  -25.0582
7.04  -22  -12.6061
7.06  -22  -61.3212
7.06  -22  -38.9739
7.06  -22  -61.4635
7.06  -22  -33.0038
7.06  -22  -22.1079
7.06  -22  -58.9233
7.06  -22  -61.4968
7.06  -22  -55.7532
7.06  -22  -47.1414
7.06  -22  -36.8595
7.06  -22  -25.3035
7.06  -22  -12.8492
7.08  -22  -61.4945
7.08  -22  -39.1478
7.08  -22  -61.4965
7.08  -22  -33.199
7.08  -22  -22.0061
7.08  -22  -58.9949
7.08  -22  -61.6537
7.08  -22  -55.9535
7.08  -22  -47.3666
7.08  -22  -37.0988
7.08  -22  -25.5486
7.08  -22  -13.0923
7.1  -22  -61.6666
7.1  -22  -39.3212
7.1  -22  -61.527
7.1  -22  -33.3939
7.1  -22  -21.9022
7.1  -22  -59.0646
7.1  -22  -61.8091
7.1  -22  -56.1527
7.1  -22  -47.5909
7.1  -22  -37.3375
7.1  -22  -25.7934
7.1  -22  -13.3353
7.12  -22  -61.8375
7.12  -22  -39.4939
7.12  -22  -61.5551
7.12  -22  -33.5884
7.12  -22  -21.7963
7.12  -22  -59.1324
7.12  -22  -61.9629
7.12  -22  -56.3506
7.12  -22  -47.8143
7.12  -22  -37.5756
7.12  -22  -26.0378
7.12  -22  -13.5784
7.14  -22  -62.0073
7.14  -22  -39.666
7.14  -22  -61.5808
7.14  -22  -33.7826
7.14  -22  -21.6884
7.14  -22  -59.1982
7.14  -22  -62.1152
7.14  -22  -56.5474
7.14  -22  -48.0368
7.14  -22  -37.8131
7.14  -22  -26.2819
7.14  -22  -13.8214
7.16  -22  -62.1759
7.16  -22  -39.8375
7.16  -22  -61.604
7.16  -22  -33.9763
7.16  -22  -21.5784
7.16  -22  -59.262
7.16  -22  -62.266
7.16  -22  -56.7429
7.16  -22  -48.2585
7.16  -22  -38.05
7.16  -22  -26.5257
7.16  -22  -14.0643
7.18  -22  -62.3433
7.18  -22  -40.0083
7.18  -22  -61.6247
7.18  -22  -34.1697
7.18  -22  -21.4665
7.18  -22  -59.3239
7.18  -22  -62.4152
7.18  -22  -56.9372
7.18  -22  -48.4792
7.18  -22  -38.2862
7.18  -22  -26.7691
7.18  -22  -14.3071
7.2  -22  -62.5095
7.2  -22  -40.1785
7.2  -22  -61.6429
7.2  -22  -34.3627
7.2  -22  -21.3525
7.2  -22  -59.3839
7.2  -22  -62.5628
7.2  -22  -57.1303
7.2  -22  -48.699
7.2  -22  -38.5218
7.2  -22  -27.0121
7.2  -22  -14.5498
7.22  -22  -62.6745
7.22  -22  -40.3481
7.22  -22  -61.6586
7.22  -22  -34.5554
7.22  -22  -21.2365
7.22  -22  -59.4419
7.22  -22  -62.7089
7.22  -22  -57.3222
7.22  -22  -48.9178
7.22  -22  -38.7567
7.22  -22  -27.2548
7.22  -22  -14.7924
7.24  -22  -62.8383
7.24  -22  -40.517
7.24  -22  -61.6718
7.24  -22  -34.7476
7.24  -22  -21.1186
7.24  -22  -59.498
7.24  -22  -62.8534
7.24  -22  -57.5129
7.24  -22  -49.1357
7.24  -22  -38.991
7.24  -22  -27.4971
7.24  -22  -15.0349
7.26  -22  -63.0009
7.26  -22  -40.6852
7.26  -22  -61.6825
7.26  -22  -34.9394
7.26  -22  -20.9986
7.26  -22  -59.5521
7.26  -22  -62.9963
7.26  -22  -57.7023
7.26  -22  -49.3527
7.26  -22  -39.2246
7.26  -22  -27.739
7.26  -22  -15.2773
7.28  -22  -63.1623
7.28  -22  -40.8528
7.28  -22  -61.6908
7.28  -22  -35.1308
7.28  -22  -20.8767
7.28  -22  -59.6043
7.28  -22  -63.1377
7.28  -22  -57.8904
7.28  -22  -49.5687
7.28  -22  -39.4575
7.28  -22  -27.9804
7.28  -22  -15.5195
7.3  -22  -63.3224
7.3  -22  -41.0197
7.3  -22  -61.6965
7.3  -22  -35.3218
7.3  -22  -20.7528
7.3  -22  -59.6546
7.3  -22  -63.2774
7.3  -22  -58.0773
7.3  -22  -49.7837
7.3  -22  -39.6898
7.3  -22  -28.2214
7.3  -22  -15.7616
7.32  -22  -63.4813
7.32  -22  -41.1859
7.32  -22  -61.6996
7.32  -22  -35.5124
7.32  -22  -20.6269
7.32  -22  -59.7028
7.32  -22  -63.4156
7.32  -22  -58.2629
7.32  -22  -49.9978
7.32  -22  -39.9213
7.32  -22  -28.462
7.32  -22  -16.0035
7.34  -22  -63.639
7.34  -22  -41.3515
7.34  -22  -61.7003
7.34  -22  -35.7025
7.34  -22  -20.4991
7.34  -22  -59.7491
7.34  -22  -63.5522
7.34  -22  -58.4472
7.34  -22  -50.2108
7.34  -22  -40.152
7.34  -22  -28.7021
7.34  -22  -16.2452
7.36  -22  -63.7954
7.36  -22  -41.5164
7.36  -22  -61.6984
7.36  -22  -35.8922
7.36  -22  -20.3694
7.36  -22  -59.7935
7.36  -22  -63.6872
7.36  -22  -58.6303
7.36  -22  -50.4229
7.36  -22  -40.3821
7.36  -22  -28.9418
7.36  -22  -16.4866
7.38  -22  -63.9506
7.38  -22  -41.6806
7.38  -22  -61.694
7.38  -22  -36.0814
7.38  -22  -20.2377
7.38  -22  -59.8359
7.38  -22  -63.8205
7.38  -22  -58.812
7.38  -22  -50.6339
7.38  -22  -40.6114
7.38  -22  -29.181
7.38  -22  -16.7279
7.4  -22  -64.1046
7.4  -22  -41.8441
7.4  -22  -61.687
7.4  -22  -36.2702
7.4  -22  -20.104
7.4  -22  -59.8764
7.4  -22  -63.9523
7.4  -22  -58.9925
7.4  -22  -50.8439
7.4  -22  -40.84
7.4  -22  -29.4197
7.4  -22  -16.969
7.42  -22  -64.2573
7.42  -22  -42.0069
7.42  -22  -61.6775
7.42  -22  -36.4586
7.42  -22  -19.9685
7.42  -22  -59.9149
7.42  -22  -64.0824
7.42  -22  -59.1716
7.42  -22  -51.0529
7.42  -22  -41.0677
7.42  -22  -29.6579
7.42  -22  -17.2098
7.44  -22  -64.4087
7.44  -22  -42.169
7.44  -22  -61.6654
7.44  -22  -36.6464
7.44  -22  -19.8311
7.44  -22  -59.9515
7.44  -22  -64.211
7.44  -22  -59.3495
7.44  -22  -51.2609
7.44  -22  -41.2948
7.44  -22  -29.8955
7.44  -22  -17.4503
7.46  -22  -64.5588
7.46  -22  -42.3303
7.46  -22  -61.6508
7.46  -22  -36.8338
7.46  -22  -19.6917
7.46  -22  -59.9861
7.46  -22  -64.3379
7.46  -22  -59.526
7.46  -22  -51.4678
7.46  -22  -41.521
7.46  -22  -30.1327
7.46  -22  -17.6906
7.48  -22  -64.7077
7.48  -22  -42.491
7.48  -22  -61.6336
7.48  -22  -37.0207
7.48  -22  -19.5505
7.48  -22  -60.0188
7.48  -22  -64.4631
7.48  -22  -59.7012
7.48  -22  -51.6736
7.48  -22  -41.7464
7.48  -22  -30.3693
7.48  -22  -17.9306
7.5  -22  -64.8553
7.5  -22  -42.6509
7.5  -22  -61.6139
7.5  -22  -37.2072
7.5  -22  -19.4073
7.5  -22  -60.0495
7.5  -22  -64.5868
7.5  -22  -59.8751
7.5  -22  -51.8784
7.5  -22  -41.971
7.5  -22  -30.6054
7.5  -22  -18.1704
7.52  -22  -65.0016
7.52  -22  -42.8102
7.52  -22  -61.5915
7.52  -22  -37.3931
7.52  -22  -19.2623
7.52  -22  -60.0783
7.52  -22  -64.7088
7.52  -22  -60.0476
7.52  -22  -52.0821
7.52  -22  -42.1949
7.52  -22  -30.8409
7.52  -22  -18.4098
7.54  -22  -65.1466
7.54  -22  -42.9686
7.54  -22  -61.5666
7.54  -22  -37.5785
7.54  -22  -19.1155
7.54  -22  -60.1051
7.54  -22  -64.8292
7.54  -22  -60.2188
7.54  -22  -52.2848
7.54  -22  -42.4178
7.54  -22  -31.0758
7.54  -22  -18.6489
7.56  -22  -65.2903
7.56  -22  -43.1264
7.56  -22  -61.5392
7.56  -22  -37.7635
7.56  -22  -18.9668
7.56  -22  -60.13
7.56  -22  -64.9479
7.56  -22  -60.3886
7.56  -22  -52.4863
7.56  -22  -42.64
7.56  -22  -31.3101
7.56  -22  -18.8876
7.58  -22  -65.4327
7.58  -22  -43.2834
7.58  -22  -61.5091
7.58  -22  -37.9479
7.58  -22  -18.8162
7.58  -22  -60.1529
7.58  -22  -65.065
7.58  -22  -60.5571
7.58  -22  -52.6867
7.58  -22  -42.8613
7.58  -22  -31.5439
7.58  -22  -19.1261
7.6  -22  -65.5738
7.6  -22  -43.4397
7.6  -22  -61.4764
7.6  -22  -38.1318
7.6  -22  -18.6638
7.6  -22  -60.1739
7.6  -22  -65.1805
7.6  -22  -60.7242
7.6  -22  -52.8861
7.6  -22  -43.0817
7.6  -22  -31.777
7.6  -22  -19.3641
7.62  -22  -65.7136
7.62  -22  -43.5952
7.62  -22  -61.4412
7.62  -22  -38.3152
7.62  -22  -18.5096
7.62  -22  -60.193
7.62  -22  -65.2943
7.62  -22  -60.8899
7.62  -22  -53.0843
7.62  -22  -43.3013
7.62  -22  -32.0096
7.62  -22  -19.6018
7.64  -22  -65.8521
7.64  -22  -43.75
7.64  -22  -61.4034
7.64  -22  -38.498
7.64  -22  -18.3536
7.64  -22  -60.2101
7.64  -22  -65.4064
7.64  -22  -61.0543
7.64  -22  -53.2814
7.64  -22  -43.52
7.64  -22  -32.2414
7.64  -22  -19.8391
7.66  -22  -65.9893
7.66  -22  -43.904
7.66  -22  -61.3629
7.66  -22  -38.6803
7.66  -22  -18.1958
7.66  -22  -60.2253
7.66  -22  -65.5169
7.66  -22  -61.2173
7.66  -22  -53.4774
7.66  -22  -43.7378
7.66  -22  -32.4727
7.66  -22  -20.0761
7.68  -22  -66.1251
7.68  -22  -44.0572
7.68  -22  -61.3199
7.68  -22  -38.8621
7.68  -22  -18.0362
7.68  -22  -60.2386
7.68  -22  -65.6258
7.68  -22  -61.3789
7.68  -22  -53.6723
7.68  -22  -43.9548
7.68  -22  -32.7033
7.68  -22  -20.3126
7.7  -22  -66.2596
7.7  -22  -44.2097
7.7  -22  -61.2742
7.7  -22  -39.0433
7.7  -22  -17.8749
7.7  -22  -60.2499
7.7  -22  -65.733
7.7  -22  -61.5391
7.7  -22  -53.866
7.7  -22  -44.1708
7.7  -22  -32.9332
7.7  -22  -20.5487
7.72  -22  -66.3928
7.72  -22  -44.3614
7.72  -22  -61.226
7.72  -22  -39.224
7.72  -22  -17.7118
7.72  -22  -60.2593
7.72  -22  -65.8385
7.72  -22  -61.6979
7.72  -22  -54.0585
7.72  -22  -44.3859
7.72  -22  -33.1625
7.72  -22  -20.7844
7.74  -22  -66.5246
7.74  -22  -44.5123
7.74  -22  -61.1751
7.74  -22  -39.4041
7.74  -22  -17.5469
7.74  -22  -60.2668
7.74  -22  -65.9424
7.74  -22  -61.8553
7.74  -22  -54.2499
7.74  -22  -44.6001
7.74  -22  -33.3911
7.74  -22  -21.0196
7.76  -22  -66.6551
7.76  -22  -44.6625
7.76  -22  -61.1217
7.76  -22  -39.5836
7.76  -22  -17.3803
7.76  -22  -60.2724
7.76  -22  -66.0446
7.76  -22  -62.0114
7.76  -22  -54.4402
7.76  -22  -44.8133
7.76  -22  -33.619
7.76  -22  -21.2544
7.78  -22  -66.7843
7.78  -22  -44.8119
7.78  -22  -61.0656
7.78  -22  -39.7625
7.78  -22  -17.212
7.78  -22  -60.2761
7.78  -22  -66.1451
7.78  -22  -62.166
7.78  -22  -54.6292
7.78  -22  -45.0256
7.78  -22  -33.8462
7.78  -22  -21.4887
7.8  -22  -66.9121
7.8  -22  -44.9604
7.8  -22  -61.0069
7.8  -22  -39.9409
7.8  -22  -17.0419
7.8  -22  -60.2778
7.8  -22  -66.244
7.8  -22  -62.3191
7.8  -22  -54.8171
7.8  -22  -45.237
7.8  -22  -34.0726
7.8  -22  -21.7226
7.82  -22  -67.0385
7.82  -22  -45.1082
7.82  -22  -60.9456
7.82  -22  -40.1187
7.82  -22  -16.8702
7.82  -22  -60.2777
7.82  -22  -66.3412
7.82  -22  -62.4709
7.82  -22  -55.0038
7.82  -22  -45.4474
7.82  -22  -34.2984
7.82  -22  -21.9559
7.84  -22  -67.1636
7.84  -22  -45.2552
7.84  -22  -60.8816
7.84  -22  -40.2959
7.84  -22  -16.6968
7.84  -22  -60.2757
7.84  -22  -66.4367
7.84  -22  -62.6213
7.84  -22  -55.1893
7.84  -22  -45.6568
7.84  -22  -34.5234
7.84  -22  -22.1888
7.86  -22  -67.2873
7.86  -22  -45.4014
7.86  -22  -60.8151
7.86  -22  -40.4725
7.86  -22  -16.5217
7.86  -22  -60.2717
7.86  -22  -66.5306
7.86  -22  -62.7702
7.86  -22  -55.3736
7.86  -22  -45.8653
7.86  -22  -34.7476
7.86  -22  -22.4211
7.88  -22  -67.4097
7.88  -22  -45.5468
7.88  -22  -60.7459
7.88  -22  -40.6485
7.88  -22  -16.345
7.88  -22  -60.2659
7.88  -22  -66.6228
7.88  -22  -62.9177
7.88  -22  -55.5567
7.88  -22  -46.0728
7.88  -22  -34.9711
7.88  -22  -22.653
7.9  -22  -67.5307
7.9  -22  -45.6914
7.9  -22  -60.6741
7.9  -22  -40.8239
7.9  -22  -16.1666
7.9  -22  -60.2582
7.9  -22  -66.7133
7.9  -22  -63.0637
7.9  -22  -55.7386
7.9  -22  -46.2793
7.9  -22  -35.1939
7.9  -22  -22.8842
7.92  -22  -67.6503
7.92  -22  -45.8352
7.92  -22  -60.5997
7.92  -22  -40.9986
7.92  -22  -15.9866
7.92  -22  -60.2486
7.92  -22  -66.8022
7.92  -22  -63.2083
7.92  -22  -55.9192
7.92  -22  -46.4848
7.92  -22  -35.4158
7.92  -22  -23.115
7.92  -22  -10.1575
7.94  -22  -67.7685
7.94  -22  -45.9781
7.94  -22  -60.5226
7.94  -22  -41.1728
7.94  -22  -15.805
7.94  -22  -60.2371
7.94  -22  -66.8894
7.94  -22  -63.3515
7.94  -22  -56.0987
7.94  -22  -46.6892
7.94  -22  -35.637
7.94  -22  -23.3452
7.94  -22  -10.389
7.96  -22  -67.8854
7.96  -22  -46.1202
7.96  -22  -60.4429
7.96  -22  -41.3463
7.96  -22  -15.6218
7.96  -22  -60.2237
7.96  -22  -66.9749
7.96  -22  -63.4932
7.96  -22  -56.2769
7.96  -22  -46.8927
7.96  -22  -35.8574
7.96  -22  -23.5748
7.96  -22  -10.6201
7.98  -22  -68.0009
7.98  -22  -46.2616
7.98  -22  -60.3606
7.98  -22  -41.5191
7.98  -22  -15.437
7.98  -22  -60.2085
7.98  -22  -67.0587
7.98  -22  -63.6335
7.98  -22  -56.4538
7.98  -22  -47.0951
7.98  -22  -36.077
7.98  -22  -23.8038
7.98  -22  -10.8509
8  -22  -68.115
8  -22  -46.402
8  -22  -60.2756
8  -22  -41.6914
8  -22  -15.2506
8  -22  -60.1914
8  -22  -67.1409
8  -22  -63.7723
8  -22  -56.6296
8  -22  -47.2966
8  -22  -36.2957
8  -22  -24.0323
8  -22  -11.0813
8.02  -22  -68.2277
8.02  -22  -46.5417
8.02  -22  -60.1881
8.02  -22  -41.863
8.02  -22  -15.0627
8.02  -22  -60.1725
8.02  -22  -67.2214
8.02  -22  -63.9097
8.02  -22  -56.8041
8.02  -22  -47.4969
8.02  -22  -36.5137
8.02  -22  -24.2601
8.02  -22  -11.3114
8.04  -22  -68.339
8.04  -22  -46.6805
8.04  -22  -60.0979
8.04  -22  -42.0339
8.04  -22  -14.8732
8.04  -22  -60.1517
8.04  -22  -67.3002
8.04  -22  -64.0456
8.04  -22  -56.9773
8.04  -22  -47.6962
8.04  -22  -36.7308
8.04  -22  -24.4874
8.04  -22  -11.541
8.06  -22  -68.4489
8.06  -22  -46.8185
8.06  -22  -60.005
8.06  -22  -42.2042
8.06  -22  -14.6823
8.06  -22  -60.1291
8.06  -22  -67.3774
8.06  -22  -64.18
8.06  -22  -57.1493
8.06  -22  -47.8945
8.06  -22  -36.947
8.06  -22  -24.714
8.06  -22  -11.7703
8.08  -22  -68.5574
8.08  -22  -46.9557
8.08  -22  -59.9096
8.08  -22  -42.3738
8.08  -22  -14.4898
8.08  -22  -60.1047
8.08  -22  -67.4529
8.08  -22  -64.313
8.08  -22  -57.32
8.08  -22  -48.0917
8.08  -22  -37.1624
8.08  -22  -24.9399
8.08  -22  -11.9992
8.1  -22  -68.6645
8.1  -22  -47.092
8.1  -22  -59.8115
8.1  -22  -42.5427
8.1  -22  -14.2958
8.1  -22  -60.0784
8.1  -22  -67.5267
8.1  -22  -64.4445
8.1  -22  -57.4894
8.1  -22  -48.2878
8.1  -22  -37.3769
8.1  -22  -25.1653
8.1  -22  -12.2276
8.12  -22  -68.7702
8.12  -22  -47.2274
8.12  -22  -59.7107
8.12  -22  -42.711
8.12  -22  -14.1003
8.12  -22  -60.0503
8.12  -22  -67.5989
8.12  -22  -64.5746
8.12  -22  -57.6576
8.12  -22  -48.4829
8.12  -22  -37.5906
8.12  -22  -25.39
8.12  -22  -12.4556
8.14  -22  -68.8745
8.14  -22  -47.362
8.14  -22  -59.6074
8.14  -22  -42.8786
8.14  -22  -13.9034
8.14  -22  -60.0203
8.14  -22  -67.6693
8.14  -22  -64.7031
8.14  -22  -57.8244
8.14  -22  -48.6769
8.14  -22  -37.8034
8.14  -22  -25.614
8.14  -22  -12.6832
8.16  -22  -68.9774
8.16  -22  -47.4958
8.16  -22  -59.5014
8.16  -22  -43.0454
8.16  -22  -13.705
8.16  -22  -59.9886
8.16  -22  -67.7382
8.16  -22  -64.8302
8.16  -22  -57.99
8.16  -22  -48.8698
8.16  -22  -38.0153
8.16  -22  -25.8373
8.16  -22  -12.9103
8.18  -22  -69.0789
8.18  -22  -47.6287
8.18  -22  -59.3928
8.18  -22  -43.2116
8.18  -22  -13.5052
8.18  -22  -59.9551
8.18  -22  -67.8053
8.18  -22  -64.9558
8.18  -22  -58.1543
8.18  -22  -49.0615
8.18  -22  -38.2263
8.18  -22  -26.06
8.18  -22  -13.1369
8.2  -22  -69.179
8.2  -22  -47.7607
8.2  -22  -59.2816
8.2  -22  -43.3771
8.2  -22  -13.304
8.2  -22  -59.9197
8.2  -22  -67.8708
8.2  -22  -65.08
8.2  -22  -58.3174
8.2  -22  -49.2522
8.2  -22  -38.4364
8.2  -22  -26.2819
8.2  -22  -13.3631
8.22  -22  -69.2777
8.22  -22  -47.8919
8.22  -22  -59.1677
8.22  -22  -43.5419
8.22  -22  -13.1014
8.22  -22  -59.8826
8.22  -22  -67.9346
8.22  -22  -65.2026
8.22  -22  -58.4791
8.22  -22  -49.4418
8.22  -22  -38.6456
8.22  -22  -26.5032
8.22  -22  -13.5887
8.24  -22  -69.3749
8.24  -22  -48.0222
8.24  -22  -59.0512
8.24  -22  -43.706
8.24  -22  -12.8974
8.24  -22  -59.8437
8.24  -22  -67.9968
8.24  -22  -65.3238
8.24  -22  -58.6395
8.24  -22  -49.6302
8.24  -22  -38.8538
8.24  -22  -26.7237
8.24  -22  -13.8139
8.26  -22  -69.4707
8.26  -22  -48.1517
8.26  -22  -58.9321
8.26  -22  -43.8694
8.26  -22  -12.6921
8.26  -22  -59.803
8.26  -22  -68.0573
8.26  -22  -65.4435
8.26  -22  -58.7986
8.26  -22  -49.8176
8.26  -22  -39.0612
8.26  -22  -26.9435
8.26  -22  -14.0385
8.28  -22  -69.5651
8.28  -22  -48.2802
8.28  -22  -58.8104
8.28  -22  -44.032
8.28  -22  -12.4854
8.28  -22  -59.7606
8.28  -22  -68.1162
8.28  -22  -65.5617
8.28  -22  -58.9564
8.28  -22  -50.0038
8.28  -22  -39.2675
8.28  -22  -27.1626
8.28  -22  -14.2627
8.3  -22  -69.6581
8.3  -22  -48.4079
8.3  -22  -58.686
8.3  -22  -44.194
8.3  -22  -12.2773
8.3  -22  -59.7164
8.3  -22  -68.1734
8.3  -22  -65.6784
8.3  -22  -59.1129
8.3  -22  -50.1888
8.3  -22  -39.473
8.3  -22  -27.3809
8.3  -22  -14.4863
8.32  -22  -69.7496
8.32  -22  -48.5348
8.32  -22  -58.559
8.32  -22  -44.3552
8.32  -22  -12.068
8.32  -22  -59.6705
8.32  -22  -68.229
8.32  -22  -65.7936
8.32  -22  -59.268
8.32  -22  -50.3727
8.32  -22  -39.6775
8.32  -22  -27.5984
8.32  -22  -14.7093
8.34  -22  -69.8397
8.34  -22  -48.6607
8.34  -22  -58.4294
8.34  -22  -44.5156
8.34  -22  -11.8574
8.34  -22  -59.6228
8.34  -22  -68.2829
8.34  -22  -65.9074
8.34  -22  -59.4219
8.34  -22  -50.5555
8.34  -22  -39.881
8.34  -22  -27.8152
8.34  -22  -14.9318
8.36  -22  -69.9284
8.36  -22  -48.7858
8.36  -22  -58.2972
8.36  -22  -44.6753
8.36  -22  -11.6455
8.36  -22  -59.5734
8.36  -22  -68.3351
8.36  -22  -66.0196
8.36  -22  -59.5744
8.36  -22  -50.7371
8.36  -22  -40.0835
8.36  -22  -28.0313
8.36  -22  -15.1537
8.38  -22  -70.0157
8.38  -22  -48.91
8.38  -22  -58.1624
8.38  -22  -44.8343
8.38  -22  -11.4323
8.38  -22  -59.5222
8.38  -22  -68.3858
8.38  -22  -66.1304
8.38  -22  -59.7256
8.38  -22  -50.9176
8.38  -22  -40.2851
8.38  -22  -28.2465
8.38  -22  -15.375
8.4  -22  -70.1015
8.4  -22  -49.0333
8.4  -22  -58.025
8.4  -22  -44.9925
8.4  -22  -11.2179
8.4  -22  -59.4694
8.4  -22  -68.4347
8.4  -22  -66.2396
8.4  -22  -59.8754
8.4  -22  -51.0969
8.4  -22  -40.4857
8.4  -22  -28.4609
8.4  -22  -15.5958
8.42  -22  -70.1859
8.42  -22  -49.1557
8.42  -22  -57.885
8.42  -22  -45.1499
8.42  -22  -11.0023
8.42  -22  -59.4148
8.42  -22  -68.4821
8.42  -22  -66.3474
8.42  -22  -60.024
8.42  -22  -51.275
8.42  -22  -40.6853
8.42  -22  -28.6746
8.42  -22  -15.8159
8.44  -22  -70.2688
8.44  -22  -49.2772
8.44  -22  -57.7423
8.44  -22  -45.3066
8.44  -22  -10.7855
8.44  -22  -59.3586
8.44  -22  -68.5278
8.44  -22  -66.4537
8.44  -22  -60.1711
8.44  -22  -51.4519
8.44  -22  -40.8839
8.44  -22  -28.8874
8.44  -22  -16.0355
8.46  -22  -70.3503
8.46  -22  -49.3978
8.46  -22  -57.5971
8.46  -22  -45.4625
8.46  -22  -10.5675
8.46  -22  -59.3006
8.46  -22  -68.5719
8.46  -22  -66.5585
8.46  -22  -60.317
8.46  -22  -51.6277
8.46  -22  -41.0814
8.46  -22  -29.0994
8.46  -22  -16.2544
8.48  -22  -70.4304
8.48  -22  -49.5176
8.48  -22  -57.4493
8.48  -22  -45.6177
8.48  -22  -10.3483
8.48  -22  -59.241
8.48  -22  -68.6144
8.48  -22  -66.6618
8.48  -22  -60.4615
8.48  -22  -51.8022
8.48  -22  -41.278
8.48  -22  -29.3106
8.48  -22  -16.4727
8.5  -22  -70.509
8.5  -22  -49.6364
8.5  -22  -57.2989
8.5  -22  -45.772
8.5  -22  -10.1279
8.5  -22  -59.1798
8.5  -22  -68.6552
8.5  -22  -66.7636
8.5  -22  -60.6046
8.5  -22  -51.9756
8.5  -22  -41.4735
8.5  -22  -29.521
8.5  -22  -16.6903
8.52  -22  -70.5862
8.52  -22  -49.7543
8.52  -22  -57.1459
8.52  -22  -45.9256
8.52  -22  -59.1168
8.52  -22  -68.6944
8.52  -22  -66.8639
8.52  -22  -60.7464
8.52  -22  -52.1478
8.52  -22  -41.6681
8.52  -22  -29.7304
8.52  -22  -16.9073
8.54  -22  -70.662
8.54  -22  -49.8714
8.54  -22  -56.9903
8.54  -22  -46.0784
8.54  -22  -59.0522
8.54  -22  -68.732
8.54  -22  -66.9627
8.54  -22  -60.8868
8.54  -22  -52.3188
8.54  -22  -41.8615
8.54  -22  -29.9391
8.54  -22  -17.1236
8.56  -22  -70.7363
8.56  -22  -49.9875
8.56  -22  -56.8321
8.56  -22  -46.2304
8.56  -22  -58.986
8.56  -22  -68.768
8.56  -22  -67.06
8.56  -22  -61.0259
8.56  -22  -52.4885
8.56  -22  -42.054
8.56  -22  -30.1469
8.56  -22  -17.3392
8.58  -22  -70.8091
8.58  -22  -50.1027
8.58  -22  -56.6713
8.58  -22  -46.3815
8.58  -22  -58.9182
8.58  -22  -68.8024
8.58  -22  -67.1559
8.58  -22  -61.1636
8.58  -22  -52.6571
8.58  -22  -42.2453
8.58  -22  -30.3538
8.58  -22  -17.5542
8.6  -22  -70.8806
8.6  -22  -50.217
8.6  -22  -56.508
8.6  -22  -46.5319
8.6  -22  -58.8487
8.6  -22  -68.8352
8.6  -22  -67.2502
8.6  -22  -61.3
8.6  -22  -52.8244
8.6  -22  -42.4357
8.6  -22  -30.5598
8.6  -22  -17.7685
8.62  -22  -70.9505
8.62  -22  -50.3305
8.62  -22  -56.3421
8.62  -22  -46.6815
8.62  -22  -58.7776
8.62  -22  -68.8664
8.62  -22  -67.3431
8.62  -22  -61.435
8.62  -22  -52.9906
8.62  -22  -42.6249
8.62  -22  -30.7649
8.62  -22  -17.9821
8.64  -22  -71.0191
8.64  -22  -50.443
8.64  -22  -56.1736
8.64  -22  -46.8302
8.64  -22  -58.705
8.64  -22  -68.896
8.64  -22  -67.4344
8.64  -22  -61.5686
8.64  -22  -53.1555
8.64  -22  -42.8131
8.64  -22  -30.9691
8.64  -22  -18.1949
8.66  -22  -71.0861
8.66  -22  -50.5545
8.66  -22  -56.0026
8.66  -22  -46.9781
8.66  -22  -58.6307
8.66  -22  -68.924
8.66  -22  -67.5243
8.66  -22  -61.7009
8.66  -22  -53.3191
8.66  -22  -43.0002
8.66  -22  -31.1725
8.66  -22  -18.4071
8.68  -22  -71.1518
8.68  -22  -50.6652
8.68  -22  -55.829
8.68  -22  -47.1252
8.68  -22  -58.5549
8.68  -22  -68.9504
8.68  -22  -67.6127
8.68  -22  -61.8318
8.68  -22  -53.4816
8.68  -22  -43.1862
8.68  -22  -31.3749
8.68  -22  -18.6185
8.7  -22  -71.216
8.7  -22  -50.775
8.7  -22  -55.6528
8.7  -22  -47.2715
8.7  -22  -58.4775
8.7  -22  -68.9753
8.7  -22  -67.6996
8.7  -22  -61.9613
8.7  -22  -53.6428
8.7  -22  -43.3712
8.7  -22  -31.5764
8.7  -22  -18.8291
8.72  -22  -71.2787
8.72  -22  -50.8838
8.72  -22  -55.4741
8.72  -22  -47.4169
8.72  -22  -58.3986
8.72  -22  -68.9986
8.72  -22  -67.785
8.72  -22  -62.0895
8.72  -22  -53.8027
8.72  -22  -43.555
8.72  -22  -31.7769
8.72  -22  -19.0391
8.74  -22  -71.34
8.74  -22  -50.9917
8.74  -22  -55.2929
8.74  -22  -47.5615
8.74  -22  -58.3181
8.74  -22  -69.0203
8.74  -22  -67.8689
8.74  -22  -62.2163
8.74  -22  -53.9614
8.74  -22  -43.7378
8.74  -22  -31.9765
8.74  -22  -19.2482
8.76  -22  -71.3998
8.76  -22  -51.0987
8.76  -22  -55.1091
8.76  -22  -47.7052
8.76  -22  -58.2361
8.76  -22  -69.0404
8.76  -22  -67.9514
8.76  -22  -62.3417
8.76  -22  -54.1189
8.76  -22  -43.9194
8.76  -22  -32.1752
8.76  -22  -19.4566
8.78  -22  -71.4582
8.78  -22  -51.2048
8.78  -22  -54.9228
8.78  -22  -47.8481
8.78  -22  -58.1525
8.78  -22  -69.059
8.78  -22  -68.0324
8.78  -22  -62.4658
8.78  -22  -54.2751
8.78  -22  -44.0999
8.78  -22  -32.3729
8.78  -22  -19.6642
8.8  -22  -71.5152
8.8  -22  -51.3099
8.8  -22  -54.734
8.8  -22  -47.9901
8.8  -22  -58.0675
8.8  -22  -69.0761
8.8  -22  -68.1119
8.8  -22  -62.5884
8.8  -22  -54.43
8.8  -22  -44.2793
8.8  -22  -32.5697
8.8  -22  -19.8711
8.82  -22  -71.5707
8.82  -22  -51.4141
8.82  -22  -54.5426
8.82  -22  -48.1313
8.82  -22  -57.981
8.82  -22  -69.0916
8.82  -22  -68.1899
8.82  -22  -62.7097
8.82  -22  -54.5837
8.82  -22  -44.4576
8.82  -22  -32.7655
8.82  -22  -20.0771
8.84  -22  -71.6247
8.84  -22  -51.5174
8.84  -22  -54.3487
8.84  -22  -48.2716
8.84  -22  -57.8929
8.84  -22  -69.1055
8.84  -22  -68.2664
8.84  -22  -62.8296
8.84  -22  -54.7362
8.84  -22  -44.6348
8.84  -22  -32.9603
8.84  -22  -20.2823
8.86  -22  -71.6773
8.86  -22  -51.6198
8.86  -22  -54.1524
8.86  -22  -48.411
8.86  -22  -57.8035
8.86  -22  -69.118
8.86  -22  -68.3415
8.86  -22  -62.9482
8.86  -22  -54.8873
8.86  -22  -44.8108
8.86  -22  -33.1542
8.86  -22  -20.4868
8.88  -22  -71.7285
8.88  -22  -51.7212
8.88  -22  -53.9535
8.88  -22  -48.5496
8.88  -22  -57.7125
8.88  -22  -69.1289
8.88  -22  -68.4151
8.88  -22  -63.0653
8.88  -22  -55.0373
8.88  -22  -44.9857
8.88  -22  -33.347
8.88  -22  -20.6904
8.9  -22  -71.7782
8.9  -22  -51.8217
8.9  -22  -53.7521
8.9  -22  -48.6872
8.9  -22  -57.6201
8.9  -22  -69.1382
8.9  -22  -68.4872
8.9  -22  -63.1811
8.9  -22  -55.1859
8.9  -22  -45.1595
8.9  -22  -33.5389
8.9  -22  -20.8931
8.92  -22  -71.8265
8.92  -22  -51.9213
8.92  -22  -53.5483
8.92  -22  -48.824
8.92  -22  -57.5263
8.92  -22  -69.1461
8.92  -22  -68.5579
8.92  -22  -63.2955
8.92  -22  -55.3332
8.92  -22  -45.3321
8.92  -22  -33.7298
8.92  -22  -21.0951
8.94  -22  -71.8733
8.94  -22  -52.02
8.94  -22  -53.3419
8.94  -22  -48.9599
8.94  -22  -57.4311
8.94  -22  -69.1525
8.94  -22  -68.6271
8.94  -22  -63.4085
8.94  -22  -55.4793
8.94  -22  -45.5035
8.94  -22  -33.9196
8.94  -22  -21.2962
8.96  -22  -71.9186
8.96  -22  -52.1177
8.96  -22  -53.1331
8.96  -22  -49.0949
8.96  -22  -57.3344
8.96  -22  -69.1573
8.96  -22  -68.6948
8.96  -22  -63.5201
8.96  -22  -55.6241
8.96  -22  -45.6738
8.96  -22  -34.1085
8.96  -22  -21.4964
8.98  -22  -71.9626
8.98  -22  -52.2144
8.98  -22  -52.9218
8.98  -22  -49.229
8.98  -22  -57.2363
8.98  -22  -69.1607
8.98  -22  -68.7611
8.98  -22  -63.6304
8.98  -22  -55.7677
8.98  -22  -45.843
8.98  -22  -34.2963
8.98  -22  -21.6958
9  -22  -72.0051
9  -22  -52.3103
9  -22  -52.708
9  -22  -49.3621
9  -22  -57.1369
9  -22  -69.1626
9  -22  -68.826
9  -22  -63.7393
9  -22  -55.9099
9  -22  -46.0109
9  -22  -34.4831
9  -22  -21.8943
9.02  -22  -72.0461
9.02  -22  -52.4052
9.02  -22  -52.4918
9.02  -22  -49.4944
9.02  -22  -57.0361
9.02  -22  -69.163
9.02  -22  -68.8893
9.02  -22  -63.8468
9.02  -22  -56.0509
9.02  -22  -46.1777
9.02  -22  -34.6688
9.02  -22  -22.0919
9.04  -22  -72.0857
9.04  -22  -52.4991
9.04  -22  -52.2732
9.04  -22  -49.6258
9.04  -22  -56.9339
9.04  -22  -69.1619
9.04  -22  -68.9513
9.04  -22  -63.9529
9.04  -22  -56.1905
9.04  -22  -46.3434
9.04  -22  -34.8536
9.04  -22  -22.2887
9.06  -22  -72.1239
9.06  -22  -52.5922
9.06  -22  -52.0521
9.06  -22  -49.7562
9.06  -22  -56.8304
9.06  -22  -69.1593
9.06  -22  -69.0118
9.06  -22  -64.0577
9.06  -22  -56.3289
9.06  -22  -46.5078
9.06  -22  -35.0372
9.06  -22  -22.4845
9.08  -22  -72.1606
9.08  -22  -52.6842
9.08  -22  -51.8285
9.08  -22  -49.8857
9.08  -22  -56.7256
9.08  -22  -69.1553
9.08  -22  -69.0708
9.08  -22  -64.161
9.08  -22  -56.466
9.08  -22  -46.6711
9.08  -22  -35.2199
9.08  -22  -22.6795
9.1  -22  -72.1959
9.1  -22  -52.7754
9.1  -22  -51.6026
9.1  -22  -50.0143
9.1  -22  -56.6194
9.1  -22  -69.1499
9.1  -22  -69.1285
9.1  -22  -64.263
9.1  -22  -56.6018
9.1  -22  -46.8332
9.1  -22  -35.4014
9.1  -22  -22.8735
9.1  -22  -10.0283
9.12  -22  -72.2297
9.12  -22  -52.8656
9.12  -22  -51.3742
9.12  -22  -50.1419
9.12  -22  -56.512
9.12  -22  -69.143
9.12  -22  -69.1846
9.12  -22  -64.3636
9.12  -22  -56.7363
9.12  -22  -46.9941
9.12  -22  -35.5819
9.12  -22  -23.0666
9.12  -22  -10.2267
9.14  -22  -72.2621
9.14  -22  -52.9549
9.14  -22  -51.1434
9.14  -22  -50.2686
9.14  -22  -56.4032
9.14  -22  -69.1346
9.14  -22  -69.2394
9.14  -22  -64.4629
9.14  -22  -56.8695
9.14  -22  -47.1538
9.14  -22  -35.7614
9.14  -22  -23.2589
9.14  -22  -10.4244
9.16  -22  -72.2931
9.16  -22  -53.0432
9.16  -22  -50.9102
9.16  -22  -50.3944
9.16  -22  -56.2932
9.16  -22  -69.1249
9.16  -22  -69.2927
9.16  -22  -64.5608
9.16  -22  -57.0015
9.16  -22  -47.3123
9.16  -22  -35.9398
9.16  -22  -23.4501
9.16  -22  -10.6213
9.18  -22  -72.3226
9.18  -22  -53.1306
9.18  -22  -50.6747
9.18  -22  -50.5192
9.18  -22  -56.1819
9.18  -22  -69.1137
9.18  -22  -69.3446
9.18  -22  -64.6573
9.18  -22  -57.1321
9.18  -22  -47.4696
9.18  -22  -36.117
9.18  -22  -23.6405
9.18  -22  -10.8175
9.2  -22  -72.3507
9.2  -22  -53.217
9.2  -22  -50.4367
9.2  -22  -50.6431
9.2  -22  -56.0693
9.2  -22  -69.1011
9.2  -22  -69.3951
9.2  -22  -64.7524
9.2  -22  -57.2614
9.2  -22  -47.6257
9.2  -22  -36.2933
9.2  -22  -23.8299
9.2  -22  -11.0128
9.22  -22  -72.3774
9.22  -22  -53.3025
9.22  -22  -50.1964
9.22  -22  -50.766
9.22  -22  -55.9555
9.22  -22  -69.0871
9.22  -22  -69.4442
9.22  -22  -64.8461
9.22  -22  -57.3894
9.22  -22  -47.7806
9.22  -22  -36.4684
9.22  -22  -24.0183
9.22  -22  -11.2074
9.24  -22  -72.4027
9.24  -22  -53.387
9.24  -22  -49.9537
9.24  -22  -50.8879
9.24  -22  -55.8405
9.24  -22  -69.0717
9.24  -22  -69.4919
9.24  -22  -64.9385
9.24  -22  -57.5161
9.24  -22  -47.9343
9.24  -22  -36.6424
9.24  -22  -24.2058
9.24  -22  -11.4011
9.26  -22  -72.4265
9.26  -22  -53.4706
9.26  -22  -49.7086
9.26  -22  -51.0089
9.26  -22  -55.7243
9.26  -22  -69.0549
9.26  -22  -69.5382
9.26  -22  -65.0296
9.26  -22  -57.6416
9.26  -22  -48.0867
9.26  -22  -36.8153
9.26  -22  -24.3924
9.26  -22  -11.5941
9.28  -22  -72.4489
9.28  -22  -53.5533
9.28  -22  -49.4612
9.28  -22  -51.1289
9.28  -22  -55.6069
9.28  -22  -69.0368
9.28  -22  -69.5831
9.28  -22  -65.1192
9.28  -22  -57.7657
9.28  -22  -48.238
9.28  -22  -36.9872
9.28  -22  -24.578
9.28  -22  -11.7862
9.3  -22  -72.4699
9.3  -22  -53.635
9.3  -22  -49.2115
9.3  -22  -51.2479
9.3  -22  -55.4883
9.3  -22  -69.0172
9.3  -22  -69.6265
9.3  -22  -65.2075
9.3  -22  -57.8885
9.3  -22  -48.388
9.3  -22  -37.1579
9.3  -22  -24.7625
9.3  -22  -11.9775
9.32  -22  -72.4894
9.32  -22  -53.7158
9.32  -22  -48.9594
9.32  -22  -51.366
9.32  -22  -55.3686
9.32  -22  -68.9964
9.32  -22  -69.6686
9.32  -22  -65.2945
9.32  -22  -58.01
9.32  -22  -48.5369
9.32  -22  -37.3275
9.32  -22  -24.9462
9.32  -22  -12.168
9.34  -22  -72.5076
9.34  -22  -53.7956
9.34  -22  -48.705
9.34  -22  -51.4831
9.34  -22  -55.2477
9.34  -22  -68.9741
9.34  -22  -69.7093
9.34  -22  -65.38
9.34  -22  -58.1302
9.34  -22  -48.6845
9.34  -22  -37.496
9.34  -22  -25.1288
9.34  -22  -12.3576
9.36  -22  -72.5243
9.36  -22  -53.8745
9.36  -22  -48.4483
9.36  -22  -51.5992
9.36  -22  -55.1256
9.36  -22  -68.9505
9.36  -22  -69.7487
9.36  -22  -65.4643
9.36  -22  -58.2492
9.36  -22  -48.8309
9.36  -22  -37.6633
9.36  -22  -25.3104
9.36  -22  -12.5464
9.38  -22  -72.5396
9.38  -22  -53.9524
9.38  -22  -48.1893
9.38  -22  -51.7142
9.38  -22  -55.0025
9.38  -22  -68.9256
9.38  -22  -69.7866
9.38  -22  -65.5471
9.38  -22  -58.3668
9.38  -22  -48.976
9.38  -22  -37.8296
9.38  -22  -25.491
9.38  -22  -12.7343
9.4  -22  -72.5535
9.4  -22  -54.0294
9.4  -22  -47.928
9.4  -22  -51.8283
9.4  -22  -54.8782
9.4  -22  -68.8993
9.4  -22  -69.8232
9.4  -22  -65.6286
9.4  -22  -58.4831
9.4  -22  -49.1199
9.4  -22  -37.9947
9.4  -22  -25.6707
9.4  -22  -12.9214
9.42  -22  -72.566
9.42  -22  -54.1055
9.42  -22  -47.6644
9.42  -22  -51.9414
9.42  -22  -54.7529
9.42  -22  -68.8718
9.42  -22  -69.8585
9.42  -22  -65.7088
9.42  -22  -58.5981
9.42  -22  -49.2626
9.42  -22  -38.1587
9.42  -22  -25.8493
9.42  -22  -13.1076
9.44  -22  -72.5771
9.44  -22  -54.1806
9.44  -22  -47.3985
9.44  -22  -52.0535
9.44  -22  -54.6264
9.44  -22  -68.8429
9.44  -22  -69.8923
9.44  -22  -65.7876
9.44  -22  -58.7118
9.44  -22  -49.4041
9.44  -22  -38.3215
9.44  -22  -26.0269
9.44  -22  -13.2929
9.46  -22  -72.5868
9.46  -22  -54.2547
9.46  -22  -47.1304
9.46  -22  -52.1646
9.46  -22  -54.4989
9.46  -22  -68.8127
9.46  -22  -69.9248
9.46  -22  -65.8651
9.46  -22  -58.8242
9.46  -22  -49.5443
9.46  -22  -38.4832
9.46  -22  -26.2035
9.46  -22  -13.4773
9.48  -22  -72.595
9.48  -22  -54.3279
9.48  -22  -46.86
9.48  -22  -52.2746
9.48  -22  -54.3704
9.48  -22  -68.7812
9.48  -22  -69.956
9.48  -22  -65.9412
9.48  -22  -58.9353
9.48  -22  -49.6833
9.48  -22  -38.6438
9.48  -22  -26.379
9.48  -22  -13.6609
9.5  -22  -72.6019
9.5  -22  -54.4002
9.5  -22  -46.5874
9.5  -22  -52.3837
9.5  -22  -54.2408
9.5  -22  -68.7485
9.5  -22  -69.9858
9.5  -22  -66.016
9.5  -22  -59.045
9.5  -22  -49.8211
9.5  -22  -38.8032
9.5  -22  -26.5535
9.5  -22  -13.8435
9.52  -22  -72.6074
9.52  -22  -54.4715
9.52  -22  -46.3126
9.52  -22  -52.4917
9.52  -22  -54.1102
9.52  -22  -68.7145
9.52  -22  -70.0143
9.52  -22  -66.0895
9.52  -22  -59.1535
9.52  -22  -49.9576
9.52  -22  -38.9614
9.52  -22  -26.727
9.52  -22  -14.0253
9.54  -22  -72.6115
9.54  -22  -54.5419
9.54  -22  -46.0356
9.54  -22  -52.5987
9.54  -22  -53.9786
9.54  -22  -68.6792
9.54  -22  -70.0415
9.54  -22  -66.1616
9.54  -22  -59.2607
9.54  -22  -50.0929
9.54  -22  -39.1186
9.54  -22  -26.8994
9.54  -22  -14.2061
9.56  -22  -72.6142
9.56  -22  -54.6113
9.56  -22  -45.7563
9.56  -22  -52.7047
9.56  -22  -53.846
9.56  -22  -68.6427
9.56  -22  -70.0673
9.56  -22  -66.2325
9.56  -22  -59.3666
9.56  -22  -50.2269
9.56  -22  -39.2745
9.56  -22  -27.0708
9.56  -22  -14.386
9.58  -22  -72.6155
9.58  -22  -54.6798
9.58  -22  -45.4748
9.58  -22  -52.8096
9.58  -22  -53.7124
9.58  -22  -68.6049
9.58  -22  -70.0919
9.58  -22  -66.3019
9.58  -22  -59.4712
9.58  -22  -50.3597
9.58  -22  -39.4293
9.58  -22  -27.2412
9.58  -22  -14.565
9.6  -22  -72.6154
9.6  -22  -54.7473
9.6  -22  -45.1912
9.6  -22  -52.9135
9.6  -22  -53.5779
9.6  -22  -68.5659
9.6  -22  -70.1151
9.6  -22  -66.3701
9.6  -22  -59.5745
9.6  -22  -50.4912
9.6  -22  -39.5829
9.6  -22  -27.4104
9.6  -22  -14.7431
9.62  -22  -72.6139
9.62  -22  -54.8139
9.62  -22  -44.9054
9.62  -22  -53.0163
9.62  -22  -53.4425
9.62  -22  -68.5257
9.62  -22  -70.137
9.62  -22  -66.4369
9.62  -22  -59.6765
9.62  -22  -50.6215
9.62  -22  -39.7354
9.62  -22  -27.5786
9.62  -22  -14.9202
9.64  -22  -72.6111
9.64  -22  -54.8796
9.64  -22  -44.6174
9.64  -22  -53.1181
9.64  -22  -53.3061
9.64  -22  -68.4842
9.64  -22  -70.1576
9.64  -22  -66.5025
9.64  -22  -59.7772
9.64  -22  -50.7506
9.64  -22  -39.8867
9.64  -22  -27.7458
9.64  -22  -15.0964
9.66  -22  -72.6069
9.66  -22  -54.9443
9.66  -22  -44.3273
9.66  -22  -53.2189
9.66  -22  -53.1688
9.66  -22  -68.4416
9.66  -22  -70.1769
9.66  -22  -66.5667
9.66  -22  -59.8767
9.66  -22  -50.8784
9.66  -22  -40.0368
9.66  -22  -27.9119
9.66  -22  -15.2716
9.68  -22  -72.6013
9.68  -22  -55.008
9.68  -22  -44.035
9.68  -22  -53.3186
9.68  -22  -53.0306
9.68  -22  -68.3978
9.68  -22  -70.195
9.68  -22  -66.6296
9.68  -22  -59.9748
9.68  -22  -51.005
9.68  -22  -40.1857
9.68  -22  -28.0769
9.68  -22  -15.4459
9.7  -22  -72.5943
9.7  -22  -55.0709
9.7  -22  -43.7406
9.7  -22  -53.4172
9.7  -22  -52.8915
9.7  -22  -68.3527
9.7  -22  -70.2117
9.7  -22  -66.6912
9.7  -22  -60.0716
9.7  -22  -51.1303
9.7  -22  -40.3335
9.7  -22  -28.2408
9.7  -22  -15.6192
9.72  -22  -72.586
9.72  -22  -55.1328
9.72  -22  -43.4441
9.72  -22  -53.5148
9.72  -22  -52.7516
9.72  -22  -68.3066
9.72  -22  -70.2272
9.72  -22  -66.7515
9.72  -22  -60.1672
9.72  -22  -51.2543
9.72  -22  -40.4801
9.72  -22  -28.4036
9.72  -22  -15.7916
9.74  -22  -72.5763
9.74  -22  -55.1937
9.74  -22  -43.1455
9.74  -22  -53.6113
9.74  -22  -52.6108
9.74  -22  -68.2592
9.74  -22  -70.2415
9.74  -22  -66.8105
9.74  -22  -60.2614
9.74  -22  -51.3772
9.74  -22  -40.6255
9.74  -22  -28.5654
9.74  -22  -15.963
9.76  -22  -72.5653
9.76  -22  -55.2537
9.76  -22  -42.8448
9.76  -22  -53.7067
9.76  -22  -52.4692
9.76  -22  -68.2107
9.76  -22  -70.2544
9.76  -22  -66.8683
9.76  -22  -60.3544
9.76  -22  -51.4987
9.76  -22  -40.7697
9.76  -22  -28.726
9.76  -22  -16.1334
9.78  -22  -72.5529
9.78  -22  -55.3128
9.78  -22  -42.542
9.78  -22  -53.8011
9.78  -22  -52.3268
9.78  -22  -68.1611
9.78  -22  -70.2662
9.78  -22  -66.9247
9.78  -22  -60.4461
9.78  -22  -51.6191
9.78  -22  -40.9127
9.78  -22  -28.8856
9.78  -22  -16.3028
9.8  -22  -72.5391
9.8  -22  -55.3709
9.8  -22  -42.2372
9.8  -22  -53.8943
9.8  -22  -52.1835
9.8  -22  -68.1104
9.8  -22  -70.2766
9.8  -22  -66.9799
9.8  -22  -60.5365
9.8  -22  -51.7381
9.8  -22  -41.0546
9.8  -22  -29.0441
9.8  -22  -16.4713
9.82  -22  -72.524
9.82  -22  -55.4281
9.82  -22  -41.9303
9.82  -22  -53.9865
9.82  -22  -52.0395
9.82  -22  -68.0585
9.82  -22  -70.2859
9.82  -22  -67.0338
9.82  -22  -60.6257
9.82  -22  -51.856
9.82  -22  -41.1952
9.82  -22  -29.2014
9.82  -22  -16.6388
9.84  -22  -72.5076
9.84  -22  -55.4843
9.84  -22  -41.6213
9.84  -22  -54.0776
9.84  -22  -51.8947
9.84  -22  -68.0055
9.84  -22  -70.2939
9.84  -22  -67.0864
9.84  -22  -60.7136
9.84  -22  -51.9726
9.84  -22  -41.3347
9.84  -22  -29.3577
9.84  -22  -16.8052
9.86  -22  -72.4898
9.86  -22  -55.5396
9.86  -22  -41.3103
9.86  -22  -54.1677
9.86  -22  -51.7492
9.86  -22  -67.9514
9.86  -22  -70.3007
9.86  -22  -67.1377
9.86  -22  -60.8002
9.86  -22  -52.0879
9.86  -22  -41.473
9.86  -22  -29.5128
9.86  -22  -16.9707
9.88  -22  -72.4706
9.88  -22  -55.594
9.88  -22  -40.9973
9.88  -22  -54.2566
9.88  -22  -51.6029
9.88  -22  -67.8963
9.88  -22  -70.3063
9.88  -22  -67.1878
9.88  -22  -60.8855
9.88  -22  -52.202
9.88  -22  -41.6101
9.88  -22  -29.6669
9.88  -22  -17.1352
9.9  -22  -72.4502
9.9  -22  -55.6475
9.9  -22  -40.6824
9.9  -22  -54.3444
9.9  -22  -51.4559
9.9  -22  -67.84
9.9  -22  -70.3107
9.9  -22  -67.2366
9.9  -22  -60.9695
9.9  -22  -52.3148
9.9  -22  -41.746
9.9  -22  -29.8198
9.9  -22  -17.2986
9.92  -22  -72.4284
9.92  -22  -55.7
9.92  -22  -40.3654
9.92  -22  -54.4311
9.92  -22  -51.3082
9.92  -22  -67.7827
9.92  -22  -70.3138
9.92  -22  -67.2842
9.92  -22  -61.0523
9.92  -22  -52.4264
9.92  -22  -41.8807
9.92  -22  -29.9716
9.92  -22  -17.461
9.94  -22  -72.4053
9.94  -22  -55.7515
9.94  -22  -40.0464
9.94  -22  -54.5167
9.94  -22  -51.1598
9.94  -22  -67.7244
9.94  -22  -70.3158
9.94  -22  -67.3305
9.94  -22  -61.1339
9.94  -22  -52.5368
9.94  -22  -42.0142
9.94  -22  -30.1223
9.94  -22  -17.6225
9.96  -22  -72.3808
9.96  -22  -55.8022
9.96  -22  -39.7255
9.96  -22  -54.6012
9.96  -22  -51.0108
9.96  -22  -67.665
9.96  -22  -70.3166
9.96  -22  -67.3756
9.96  -22  -61.2141
9.96  -22  -52.6459
9.96  -22  -42.1465
9.96  -22  -30.2719
9.96  -22  -17.7828
9.98  -22  -72.3551
9.98  -22  -55.8519
9.98  -22  -39.4026
9.98  -22  -54.6846
9.98  -22  -50.861
9.98  -22  -67.6046
9.98  -22  -70.3163
9.98  -22  -67.4195
9.98  -22  -61.2931
9.98  -22  -52.7538
9.98  -22  -42.2775
9.98  -22  -30.4203
9.98  -22  -17.9422
10  -22  -72.328
10  -22  -55.9007
10  -22  -39.0778
10  -22  -54.7669
10  -22  -50.7107
10  -22  -67.5432
10  -22  -70.3147
10  -22  -67.4621
10  -22  -61.3709
10  -22  -52.8604
10  -22  -42.4074
10  -22  -30.5676
10  -22  -18.1005
